10:12,0,1,7;29,39,49,59,69,79,89,99,109,119,118,117,116,115,114,113,112,111,110,100,90,80,70,60,50,40,30,20,10,0,1,2,3;22,32,42,52,62,72,82,92,93,94,104,105,106,107,108,98,88,78,68,58,48,38,28,18,19,9;75,65,55,45,35,36,26,16,6,7,8;4,14,13,23,33,43,53,63,73,83;17,27,37,47,57,67,77,87,97,96,95,85,84,74,64,54,44,34,24,25,15,5;86,76,66,56,46;12,11,21,31,41,51,61,71,81,91,101,102,103
10:12,0,2,8;60,50,40,30,20,10,0,1,2,3,4,5,6,7,8,9,19,29,39,49,59,69,79,89,99,109,119,118,117,116,115;43,44,45,46;114,113,112,111,110,100,90,80,70,71,61,51,41,31,21,22,23,24,25,26,27,37,47,57,67,77;75,65,64,63,62,52,42,32,33,34,35,36;53,54,55,56,66,76,86,87,97,107,106,105,104,94,93,92;74,73,72,82,81,91,101,102,103;83,84,85,95,96;108,98,88,78,68,58,48,38,28,18,17,16,15,14,13,12,11
10:12,0,3,8;85,86,96,97,107;36,46,56,55,54,53,63,73,83,93,94,95;78,68,58,48,38,28,18,17,16,15,14,24,34;1,2,3,4,5,6,7,8,9,19,29,39,49,59,69,79,89;84,74,64,65,66,67,57,47,37,27,26,25,35,45,44,43,33,23,13,12,11,10,0;106,105,104,103,102,101,91,81,71,61,51,41,31;108,118,117,116,115,114,113,112,111,110,100,90,80,70,60,50,40,30,20,21,22,32,42,52,62,72,82,92;75,76,77,87,88,98,99,109,119
10:12,0,4,8;54,64,65,66,56,46,36,35,34;11,21,31,32,33,43,44,45,55;107,108,109,99,89,79,69,59,49,39,29,19,9,8,7,6,5,4;93,92,82,72,62,63;87,86,85,95,105,115,114,113,112,111,110,100,90,80,70,60,50;51,61,71,81,91,101,102,103,104,94,84,83;73,74,75,76,77,67,57,47,37,27,26,25,24,23,22,12;53,52,42,41,40,30,20,10,0,1,2,3,13,14,15,16,17,18,28,38,48,58,68,78,88,98,97,96,106,116,117,118,119
10:12,0,5,9;24,34,35,36,37,38,28,18,17;16,6,7,8,9,19,29,39,49,48,47,46,45,44,43;92,93,94,95,96,97,87,77,76,75,74,73,72,71,70,60,50,40,30,20,10,0,1;27,26,25,15,14,13,23,33;22,32,42,52,53,54,55,56,57,58,59,69,79,89;108,107,106,105,104,103,102,101,100,90,80;110,111,112,113,114,115,116,117,118,119,109,99,98,88,78,68,67,66;91,81,82,83,84,85,86;5,4,3,2,12,11,21,31,41,51,61,62,63,64,65
10:12,0,6,7;92,82,72,62,52,42,32,22,12,2,3,4,5,6,7,8,9,19,29,39,49;97,96,86,85,75,65,55,45,35,36;0,10,20,30,40,50,60,70,80,90,100,110,111,112,113,114,115,116,117,118,119,109,99,89,79,78,68,67,57;18,17,16,15,14,13,23,33,43,53,63,73,83,93,94,95;69,59,58,48,38,28;27,37,47,46,56,66,76,77,87,88,98,108,107,106,105,104,103,102,101,91,81,71,61,51,41,31,21,11,1;26,25,24,34,44,54,64,74,84
10:12,0,7,6;91,101,102,103,104,105,106,96,97,98,88,78,68,58,48,38,28,18,17,16,15,14,13,3,2,1,0,10,20,21;108,107,117,116,115,114,113,112,111,110,100,90,80,81,82,92,93,94,95,85,86,87,77,67,57,47,37,27,26,25,24,23,33,43,42;70,71,72,73,63,64,65,55,45;83,84,74,75,76,66,56,46,36,35,34,44,54,53,52,51,41,31,32,22,12,11;30,40,50,60,61,62;118,119,109,99,89,79,69,59,49,39,29,19,9,8,7,6,5,4
10:12,0,8,8;49,39,38,28,18,17,16,26,36,46,56,55,65,75,74;76,77,78,88,98,108,107,106,105,104,103,102,101,91,81,71,61,51,41,31,21,11,1,2,3,4,5,6,7,8,9,19,29;68,69,79,89,99,109,119,118,117,116,115,114,113,112,111,110,100,90,80,70,60,50,40,30,20,10,0;87,86,85,84,83,73,63,53,43,33;12,13,14,15,25,35,45;97,96,95,94,93,92,82,72,62,52,42,32,22,23,24,34,44,54,64;66,67,57;59,58,48,47,37,27
10:12,0,9,9;71,70,60,50,40,30,20,10,0,1,2,3,4,5,6;101,91,92,93,94,95,96,106,107,108,98,88,78,77,76,75,65,55,56,57,47,37,38,28,18;27,26,36,46,45,44,54,64;14,13,12,11,21,31,41,51,61,62,72,82,81,80,90,100,110;48,58,68,67,66;24,23,22,32,42,52,53,63,73,74;97,87,86,85,84,83;111,112,113,114,115,116,117,118,119,109,99,89,79,69,59,49,39,29,19,9,8,7,17,16,15,25,35,34,33,43;102,103,104,105
10:12,0,10,9;76,75,74,73,63;34,44,45,55;28,27,26,16,15,5,4,3,2,1,11,21,31,41,51,61,62,72,82,83,84,85,86;57,58,68,78,88,98,108,107,106,105,104,103,102,101,91,81,71,70,60,50,40,30,20,10,0;6,7,8,9;14,24,23,33,43,53,54,64,65,66,67,77,87,97,96,95,94,93,92;56,46,47,48,49,59,69,79,89,99,109,119,118,117,116,115,114,113,112,111,110,100,90,80;25,35,36,37,38,39,29,19,18,17;52,42,32,22,12,13
10:12,0,1,9;27,37,47,57;87,97,107,117,118,119,109,99,89;75,74,84,83,82,72,62,52,53,54,44,34,24,23,22,32,31,30,40,50,60,70,80,90,100,101,102,103,104,105,106,96,86;66,65,55,45,35,25,15,14,13,12,11,21,20;116,115,114,113,112,111,110;108,98,88,78,79,69,59,49,39,29,19,9,8,7,6,5,4,3,2,1,0,10;33,43,42,41,51,61,71,81,91,92,93,94,95,85;64,63,73;76,77,67,68,58,48,38,28,18,17,16,26,36,46,56
10:12,0,2,8;91,101,102,103,93,94,95,96,97,87,77,78,68,58,48,47,46,45,44,54,64,63,62,72;90,80,81,71,61,51,41,31,21,11,12,13,14,15,16,17,18,8;53,52,42,32,22,23,24,25,26,27,28,29,19,9;88,98,108,107,106,105,104;84,85,86,76,66,67,57;43,33,34,35,36,37,38,39,49,59,69,79,89,99,109,119,118,117,116,115,114,113,112,111,110,100;92,82,83,73,74,75,65,55,56;7,6,5,4,3,2,1,0,10,20,30,40,50,60,70
10:12,0,3,8;28,38,48,58,57,56,55,65,75;46,47,37,27,17,18;60,50,40,30,20,10,0,1,2,3,4,5,15,25,24,34,33,43,53,54;12,11,21,31,41,51,61,71,70,80,90,100,110,111,112,113,114,104,105,106,107,108,98,88,78,68,67,66,76,86,85,84,83;14,13,23,22,32,42,52,62,63,64,74;92,93,94,95,96,97,87,77;115,116,117,118,119,109,99,89,79,69,59,49,39,29,19,9,8,7,6,16,26,36,35,45,44;73,72,82,81,91,101,102,103
10:12,0,4,7;47,57,67,77,87,97,107,106,105;92,82,83,84,85,75,65,55,45,35,34,33,43,42,52;113,112,111,110,100,90,80,70,60,50,40,30,20,10,0,1,2,3,4,5,6,7,8,9,19,29,39,49,59,69,79,89,99,109,119;32,22,23,24,25,26,16,17,18,28,38,48,58,68,78,88,98,108,118;44,54,64,74,73,72,71,81,91,101,102,103,104,114,115,116,117;27,37,36,46,56,66,76,86,96,95,94,93;53,63,62,61,51,41,31,21,11,12,13,14,15
10:12,0,5,7;64,54,44,34,24,14,4,3,2,1;0,10,11,12,13,23,33,43,53,63,73,74,75,65,55,45,35,25,15,5,6,7,8,18,28,38,39,49,59,69,79,89,99,109,119,118,117,116,115,114,113,112,111,110,100,90,80,70,60,50,40,30;9,19,29;16,26,36,46,56,57,67,77,87,97,96,95,94,93,92,91,81;31,41,51,61,71,72,82,83,84,85,86,76,66;101,102,103,104,105,106,107,108,98,88,78,68,58,48,47,37,27,17;20,21,22,32,42,52,62
10:12,0,6,9;89,99,109,119,118,117;54,44,34,35,36;57,56,66,76;33,43,53,63,64,74;8,9,19,29,39,49,59,69,79,78,88,98,97,96,95,105,104,103,102,101,91,81;71,61,51,41,31,21,11,12,13,14,15,16,26,27,37,47,46,45,55,65,75;83,73,72,62,52,42,32,22,23,24,25;82,92,93,94,84,85,86,87,77,67,68,58,48,38,28,18,17,7,6,5,4,3,2,1,0,10,20,30,40,50;60,70,80,90,100,110,111,112,113,114,115,116,106,107,108
10:12,0,7,7;27,37,36,35,34,44,54,64;38,28,18,17,16,26,25,24,23,22;31,21,11,12,13,14,15,5,6;7,8,9,19,29,39,49,48,47,46,45,55,65,75,74,73,63,53,43,33,32;4,3,2,1,0,10,20,30,40,41,42,52,62,72,82,83,84,85,86,76,66,56,57,58,59,69,79,89,99,109,119,118,117,116,115,114,113,112,111,110,100,90,80,70,60;50,51,61,71,81,91,101,102,103,104,105,106,107,108,98,88,78,68;67,77,87,97,96,95,94,93,92
10:12,0,8,8;30,20,21,22,23,13,14,15,16,26,36,46,56,55,54,53,63,73,72,82,92,93,94,95,85,86,76,77;51,61,71,81,91,101,102,103,104,105,106,96,97,87;35,45,44,43,42,52,62;75,74,84,83;64,65,66,67,57,47,37,27;107,108,98,88,78,68,58,48,38,28,18,17,7,6,5,4,3,2,12,11;1,0,10;25,24,34,33,32,31,41,40,50,60,70,80,90,100,110,111,112,113,114,115,116,117,118,119,109,99,89,79,69,59,49,39,29,19,9,8
10:12,0,9,6;32,33,34,35,36,37,47,57,67,77,87,86,85,84,83,73,72,71,81,91,101,102,103,104,105,106,107,108;99,109,119,118,117,116,115,114,113,112,111,110,100,90,80,70,60,61,62,63,64,65,55;40,50,51,52,53,54,44,45,46,56,66,76,75,74;89,79,69,59,49,39,29,19,18,17,16,15,14,13,12;11,21,22,23,24,25,26,27,28,38,48,58,68,78,88,98,97,96,95,94,93,92,82;9,8,7,6,5,4,3,2,1,0,10,20,30,31,41,42,43
10:12,0,10,5;86,76,66,56,46,36,35,34,33,32,31,30,40,50;62,52,53,54,64,74,75;72,71,81,91,101,102,103,104,105,106,107,108,98,88,78,68,58,48,38,28,18,17,16,15,14,13,12,11;82,92,93,94,95,96,97,87,77,67,57,47,37,27,26,25,24,23,22,21,20,10,0,1,2,3,4,5,6,7,8,9,19,29,39,49,59,69,79,89,99,109,119,118,117,116,115,114,113,112,111,110,100,90,80,70,60,61,51,41,42,43,44,45,55,65;85,84,83,73,63
10:12,0,22,7;77,87,97,96,95,94,104;76,66,67,57,47,37,27,26,25,24,23,22;101,91,81,71,72,73,63,64,54;74,84,83,93,103,113,114,115,116,117,118,119,109,99,89,79,69,59,49,39,29,19,9,8,7,6,5,4,3,2,1,0,10,20,30,40;105,106,107,108,98,88,78,68,58,48,38,28,18,17,16,15,14,13,12,11,21,31,41,51,50;42,32,33,34,35,36,46,56,55,65,75,85,86;82,92,102,112,111,110,100,90,80,70,60,61,62,52,53,43,44,45
10:12,0,22,5;12,11,21,31,41,51,61,71,81,91,92,93,94,95,96,86,76,66;73,63,53,43,33,34,24,14;74,64,54,44,45,35,25,15,5,6,7,8,9,19,29,39,49,59,69,79,89,99,109,119;2,1,0,10,20,30,40,50,60,70,80,90,100,101,102,103,104,105,106,107,97,87,77,67,57,47,37,27;110,111,112,113,114,115,116,117,118,108,98,88,78,68,58,48,38,28,18,17,16,26,36,46,56,55,65,75,85,84,83,82,72,62,52,42,32,22,23,13,3,4
10:12,0,61,8;27,26,25,24,23,22,32,42,52,62,72,71,81;21,31,41,51,61,60,70,80,90,100,110,111,112,113,114,104;101,91,92,82,83,73,74,64,54,44,45,46,47,48,38,28,18,17,16,15,14,13,12,11;67,66,76,86;37,36,35,34,33,43,53,63;77,87,97,96,95,105,115;116,106,107,108,98,88,78,68,58,57,56,55,65,75,85,84,94,93,103,102;117,118,119,109,99,89,79,69,59,49,39,29,19,9,8,7,6,5,4,3,2,1,0,10,20,30,40,50
10:12,0,62,10;48,38,28,18,17,16,15,14,13,12,11,21,31,41,51;27,26,25,24,23,22,32,42,52,62,72,73,83,93,94,104,105,106;74,84,85,95,96,97,107,108;55,56,66,67,77,78;54,44,45,46,47,57,58,68;101,102,103,113,114,115,116,117,118,119,109,99,89,79,69,59,49,39,29,19,9,8,7,6,5,4,3,2,1,0,10,20,30,40,50;98,88,87,86,76,75,65,64,63,53,43,33,34,35,36,37;112,111,110,100,90,91,92;61,71,81,82;60,70,80
10:12,0,63,12;27,37,38,48;93,94,84,85,86;40,50,60,70,80,90,100,110;87,77,76,75,74,73,83,82,92,102,103,104,105,95,96;26,16,17,18,28,29,39,49,59,69,79,89,99,109,119,118,117,116,115,114,113,112,111,101,91,81,71,61,51,41,31,30,20;54,53,52,62,72;24,14,4,3;19,9,8,7,6,5,15,25,35,36,46,47,57,58,68,78,88,98,108;43,42,32,22,21,11,10;67,66,65,64,63;0,1,2,12,13,23,33,34,44,45,55,56;97,107,106
10:12,0,64,12;19,29,39,49,48,58,57,56,55,54,53,63,73,83,93,103,104,105,106;59,69,79,78,88,98,108,107;28,27,26,36,35,34,33,43,42,52,62,72,82,92,102;65,64,74,84,94,95;3,2,1,0,10,20,30,40,50,60,70,80,90,100,110;87,77,76,75;66,67,68;85,86,96,97;31,41,51,61,71,81,91,101,111,112,113,114,115,116,117,118,119,109,99,89;9,8,18,17,16,15,25,24,23,22,32;44,45,46,47,37,38;21,11,12,13,14,4,5,6,7
10:12,0,65,10;3,2,1,0,10,20,30,40,50,60,70,80,90,100,110,111,112,113,114,115,116,117,118,119,109,99;29,19,9;33,43,53,63;67,57,56,46,45,44,54,64,74;42,52,62,72,82,92,93,94,95,96,86,76,66,65,55;17,16,6,5,4;7,8,18,28,27,26,25,15,14,13,12,11,21,31,41,51,61,71,81,91,101,102,103,104,105,106,107,97,87,77,78,68,58;108,98,88,89,79,69,59,49,39,38;48,47,37,36,35,34,24,23,22,32;73,83,84,85,75
10:12,0,66,11;72,62,52,53,43,44,34,35,36;69,59,49,48,38,28,18,17,16,15,14,13,12,22;31,21,11,1,2,3,4,5,6,7,8,9,19,29,39;91,90,100,110,111,112,113,114,104,105,106,107,108,98,88,78,79;96,97,87;89,99,109,119,118,117,116,115;56,66,65,75,74,84,83,93,103;80,70,60,50,40,30,20,10,0;94,95,85,86,76,77,67;73,63,64,54,55,45,46,47,57,58,68;37,27,26,25,24,23,33,32,42,41,51,61,71,81,82,92,102,101
10:12,0,67,10;33,23,13,14,15,25,26,27,37;72,82,92,102;97,96,95,94;74,75,76,77,78,88,98,108,107,106,105,104;11,21,31,41,51;24,34,35,36,46,56,66,65,64,63,73;16,17,18,28,38,48,47,57,67,68,69,79,89,99,109,119,118,117,116,115,114;58,59,49,39,29,19,9,8,7,6,5,4,3,2,12,22,32,42,43,44,45,55;54,53,52,62,61,71,81,91,101;1,0,10,20,30,40,50,60,70,80,90,100,110,111,112,113,103,93,83,84,85,86,87
10:12,0,68,10;118,108,107,106,105,104,103,102,101,91,81,71,61,51,41,31,21,11;38,48,58,68,78;73,63,53,54;4,3,13,23,24,25,26,16,17;83,84,74,64,65,66,67,57,47,37,27,28,18;14,15,5,6,7,8,9,19;46,36,35,34,33,32,22,12,2,1,0,10,20,30,40,50,60,70,80,90,100,110,111,112,113,114,115,116,117;72,62,52,42,43,44,45,55,56;86,96,97,98,99,109,119;29,39,49,59,69,79,89,88,87,77,76,75,85,95,94,93,92,82
10:12,0,69,10;101,102,103,104,105,106,96,97,87,77,78,68,58,48,38,28,18;8,7,17,27,37,36,46,56,55,65,75,74,84,83,82,81,80;72,73,63,64,54,44,34,24,23,22,32,42,52;4,3,2,1,11,21,31,41,51,61,62;12,13,14,15,5,6;47,57,67,66,76,86,85,95,94,93,92,91,90,100,110,111,112,113,114,115,116,117,107,108,98,88,89,79,69,59,49,39,29,19,9;16,26,25,35,45;118,119,109,99;0,10,20,30,40,50,60,70,71;53,43,33
10:12,0,70,7;6,5,4,3,2,1,0,10,20,30,40,50,60,70,80,90,100,110,111,112,113,114,115,116,117,107,108,98,88,78,68,58,57,56,55,65;19,18,28,27,37,36,35,34,33,43,53,63,73,83,84;77,87,97,96,106,105,104,103,102,101,91,81,71,61,51,41,31,21,11,12,13,14,15;118,119,109,99,89,79,69,59,49,48,47,46,45,44,54,64,74,75;25,24,23,22,32,42,52,62,72,82,92,93,94,95,85,86,76,66,67;29,39,38;26,16,17,7,8,9
10:12,0,71,13;9,19,29,39,49,59,69,79,89,99,98,108,107,106,105,104,103,102,101,91,81,71,61,60;109,119,118,117,116,115,114,113,112,111,110,100,90,80,70;13,23,24,34,44;92,93,83,73,63,53,52,42,41,31,21,20,10,0,1,2,3,4,5,6,7,8,18,28,38,48,58,68,78,88,87,86,76;11,12,22,32,33,43;51,50,40,30;46,47,57,67,77;54,64,65,66,56;14,15,25,26;62,72,82;16,17,27,37,36,35,45,55;74,84,94;75,85,95,96,97
10:12,0,72,9;47,57,67,77,87,86,85,84,83,73,63,53,54,44,34,33;8,9,19;64,65,55,45,35,25,26,27,37;2,1,11,21;74,75,76,66,56,46,36;108,107,106,105,104,103,102,101,91,81,71,61,51,41,31,32,22,23,24,14,15,16;43,42,52,62,72,82,92,93,94,95,96,97,98,88,78,68,58,48,38,39,29;28,18,17,7,6,5,4,3,13,12;49,59,69,79,89,99,109,119,118,117,116,115,114,113,112,111,110,100,90,80,70,60,50,40,30,20,10,0
10:12,0,73,10;39,49,59,58,68,78,77,76,86;19,9,8,7,6,5,4,3,13,23,33,34,35,25,26,27;69,79,89,99,98,108,107,106,105,104,103,102,101,91,81,71,61,51,52,53,54,55,56,46,36,37,38;45,44,43,42,32,22,12,2,1;109,119,118,117,116,115,114,113,112,111,110,100,90,80,70,60,50,40,41,31,21,11;30,20,10,0;83,84,85,75;88,87,97,96,95,94,93,92,82,72,62,63;24,14,15,16,17,18,28,29;48,47,57,67,66,65,64,74,73
10:12,0,74,13;73,83,93;110,100,90,80;48,49,59,69,79,89,99,109,119,118,117,116,106,96,97,87,77,67,66,56,55,54,44,43;46,45,35;9,19,29,39;27,17,16,15,14;76,86,85,95,105,115,114,113,112,111,101,91,81,71,70,60,50,51,41,31,21,11,12,2;40,30,20,10,0,1;36,26,25;13,3,4,5,6,7,8,18,28,38,37,47,57,58,68,78,88,98,108,107;65,75,74,84,94,104,103,102,92,82,72,62,61;34,33,32,42,52,53,63,64;22,23,24
10:12,0,75,9;6,16,26,27,37,47,46,45,44,54,64,74,84,83,82,81,71,61,51,41,31,21,11,12,13,14,4;57,56,55,65,75,85;7,17,18,28,38,48,58,68,67,66,76,86,96,95,105,104,103,102,101;89,99,109,119,118,117,116,115,114,113,112,111,110,100;77,87,97;63,53,43,33,34,35,36;8,9,19,29,39,49,59,69,79,78,88,98,108,107,106;94,93,92,91,90,80,70,60,50,40,30,20,10,0,1,2,3;5,15,25,24,23,22,32,42,52,62,72,73
10:12,0,76,8;57,56,66,65,75;55,54,64,74,84,85,86,76,77,67,68,58,48,49,39,29,19,9,8,7,6,5,4,3,2,1,0;105,106,107,108,98;70,60,50,40,30;27,26,25,24,23,22,21,31,41,51,61,71,81,80,90,100,110,111,112,113,114,115,116,117,118,119,109,99,89;20,10,11,12,13,14,15,16,17,18,28,38,37,47,46,45,44,43,53,63,73,83;93,92,82,72,62,52,42,32,33,34,35,36;91,101,102,103,104,94,95,96,97,87,88,78,79,69,59
10:12,0,77,10;95,105,115,116,117,118,119,109,99,89,79,69,59,58,57,56,55,54;90,100,110,111,112,113,114,104,94,93,92,82,81,71,61,51,50,40,30,20,10,11,12,13,14,15,16,17,18;53,63,64,65,66,67,68,78,88;39,29,19,9,8,7,6,5,4,3,2,1,0;60,70,80;98,108,107,106,96,86,85,84,83,73,72,62,52,42,41,31,21,22,23,24,25,26,27;91,101,102,103;49,48,47,46,45,44,43;74,75,76,77,87,97;28,38,37,36,35,34,33,32
10:12,0,78,10;100,90,80,70,60,50,40,30,20,10,11,12,13,14,24;43,44,54,64;45,55,65,75,74,84,83;105,104,103,102,101,91,81,71;96,106,107,108,98,88,78,68,58,59,49,39,29,19,9,8,7,6,5,4,3,2,1,0;34,33,23,22,21,31,41,51,61,62,72;69,79,89,99,109,119,118,117,116,115,114,113,112,111,110;82,92,93,94,95,85,86,76,66,56,46,36,35,25,15,16,17,18,28,38,48;97,87,77,67,57,47,37,27,26;73,63,53,52,42,32
10:12,0,79,10;6,16,15,14,13,12,11,21,31,32,42,43,44,54,64,65,66,67;27,37,47,57,56,55,45,35,34,33,23,22;52,51,41;83,73,74,75,76,77;61,71,81,91,101,102,103;84,85,86,87,88,78,68,58,48,38,28,18,17,7;46,36,26,25,24;119,118,117,116,115,114,113,112,111,110,100,90,80,70,60,50,40,30,20,10,0,1,2,3,4,5;53,63,62,72,82,92,93,94,104,105,106,107,108,109,99,89,79,69,59,49,39,29,19,9,8;98,97,96,95
10:12,0,80,12;91,81,71,72,73,63,64,65,66;43,33,34,35,25,15,14,13,12,11,21,31,41,51,50;40,30,20,10,0,1,2,3,4,5,6,7,8,9,19,29,39,49,59,69,79,89,99,109;24,23,22,32,42;119,118,108;104,105,106,96;95,85,86,87,88,78;17,16,26;101,100,90,80,70,60,61,62,52,53,54,55,56,57,47;18,28,27;83,82,92,102,112,111,110;44,45,46,36,37,38,48,58,68,67,77,76,75,74,84,94,93,103,113,114,115,116,117,107,97,98
10:12,0,81,12;119,109,99,89,79,69,59,49,39,38;86,85,84,83,82,92,102,112;31,21,22,12,13;50,60,70,80,90,100;110,111,101,91,81,71,72,73,74,75,76,66,56,46,36,26,16,17,18;43,44,34;96,95,94,93;57,67,77,87,97,107,106,105,104,103,113;14,4,3,2,1,0;24,23,33,32,42,52,53,54;11,10,20,30,40,41,51,61,62;114,115,116,117,118,108,98,88,78,68,58,48,47,37,27,28,29,19,9,8,7,6,5,15,25,35,45,55,65,64,63
10:12,0,82,10;17,18,28;39,38,48,58,68,67,66,65,55;74,64,54;22,23,33,43,53,63,73,83,84,85,75,76,77,78,79,69,59,49;86,96,95,94,93,92,82,72,62,52,42,32;31,41,51,61,71,81,91,101,102,103,104,105,106,107,97,87,88;119,109,99,89;21,11,12,13,14,24,34,44,45,46,36,26,16,6,7,8,9,19,29;56,57,47,37,27;98,108,118,117,116,115,114,113,112,111,110,100,90,80,70,60,50,40,30,20,10,0,1,2,3,4,5,15,25,35
10:12,0,83,9;87,77,67,57,56,55;37,47,46,45,35,34,33,43,53,63,73,83,93,103;9,8,18,28,38,48,58,68,78,88,98,108,107,106,105,95,85,75,74,64,54,44;36,26,25,24,23,22,32,42,52,62,72,82,81,91;92,102,101,100,90,80,70,71,61,51,41,31,21,11,12,13,14,15,16,17,27;7,6,5,4,3,2,1,0,10,20,30,40,50,60;84,94,104;97,96,86,76,66,65;19,29,39,49,59,69,79,89,99,109,119,118,117,116,115,114,113,112,111,110
10:12,0,84,9;45,44,54,64,63,73,83,93,92,91,101;34,33,43,53,52,62,72,82,81;96,97,87,77,76;42,32,22,23,24,25,35,36,37,38,28,18,17,7,6,5,4,3,2,1,0,10,20,30,40,50,60,70,80,90,100,110,111,112,102;48,47,57,67,66;103,104,94,84,74,75,65,55,56,46;71,61,51,41,31,21,11,12,13,14,15,16,26,27;58,68,78,88,98,108,107,106,105,95,85,86;113,114,115,116,117,118,119,109,99,89,79,69,59,49,39,29,19,9,8
10:12,0,85,12;41,40,50,60,70,80,90,100,110,111,112,113,114,115;109,108,98;21,22,23,33,34,35;51,61,71,81,91,101,102,103,104,105;78,79,69,59,49,39,29,19,9,8,7,6,5,4,3,2,1,0;75,65,55,56,57,47,37,27;63,73,83;66,76,86,85,84,74,64,54;88,89,99;116,106,96,95,94,93,92,82,72,62,52,53,43,44,45,46,36;119,118,117,107,97,87,77,67,68,58,48,38,28,18,17,16,15,14,13,12,11,10,20,30,31,32,42;26,25,24
10:12,0,86,9;22,32,42,52,53,63,64,74;39,29,28,18,17,16,15,25,35,45;58,57,47,46,36,26;82,92,93,94,95,96,97,98,88,78,77,76,75,65;27,37,38,48,49,59;110,111,112,113,114,115,116,117,118,119,109,99,89,79,69,68,67,66,56,55,54,44,34,24,14;87,86,85,84,83,73,72,62,61,51,41,31,21,11,12,13,23,33,43;80,90,100,101,102,103,104,105,106,107,108;91,81,71,70,60,50,40,30,20,10,0,1,2,3,4,5,6,7,8,9,19
10:12,0,87,13;99,89,79,69,59,58,57,56,55,54,64,63,73,83,93,92,91,101,111;85,84,74;105,115,116,117,118,119,109;17,18,28,38,37,36,35,34,24,14,13,12,11,10,20,30,40,50,60,70,71;0,1,2,3,4,5,15,25,26,27;31,21,22,23;112,102,103;77,78,88,98,108;65,66,67,68;16,6,7,8,9,19,29,39,49,48,47,46,45,44,43,53,52;110,100,90,80,81,82,72,62,61,51,41,42,32,33;75,76,86,96,95,94,104,114,113;106,107,97,87
10:12,0,88,12;33,23,13,14,15,16,17,18,28;99,89,79,69,59,49,39,29,19,9,8,7,6,5,4,3;72,73,74,64,54,44,34,24,25,26,27;116,115,114,113,112,111,110,100,90,80,70,60,50,51,52,42,32;57,67,66;38,37,36,35,45,55,65,75,85,84,83,82;41,31,21,11;40,30,20,10,0,1,2,12,22;101,102,103,104,105,106,107,117,118,119,109;108,98,97,96,95,94,93,92,91,81,71,61,62,63,53,43;86,87,88;56,46,47,48,58,68,78,77,76
10:12,0,89,12;88,98,108,107,106;59,49,39,38,37,27,26,25,24,34,33,43,53,63,73,83,93,103,102,101,91,81,71,61;41,40,30,20,10,0,1;19,9,8,7,6,5,4,3,2,12,22,23;58,48,47,46,56,55,65,75;78,77,87,97,96,95,105,115,116,117,118,119,109,99,89;36,35,45,44,54,64,74,84,94,104,114,113,112,111,110,100,90,80,70;92,82,72,62;57,67,66,76,86,85;60,50,51,52,42,32,31,21,11;13,14,15,16,17,18,28,29;79,69,68
10:12,0,90,10;96,95,105,104,103,102,92,91,90,80,70,60,50,40,30,20,10,0,1,2,3,4,14,24,34;101,100,110;94,93,83,82,81,71,61;11,12,22,32,42,43,44,45,35,25,15,5,6,7,8,9,19,29,39,49,59,69,79;107,106,116,115,114,113,112,111;33,23,13;53,54,55;63,64,65,75,76,77,67,57,47,37,27;21,31,41,51,52,62,72,73,74,84,85,86,87,97,98,108;66,56,46,36,26,16,17,18,28,38,48,58,68,78,88,89,99,109,119,118,117