11:13,0,11,10;20,19,18,17,16,15,26,25,36,47,58,69,68,79,90,91,102,113,112,111,110,99,88,77,66,55,44,45,34,23,12;63,64,75,86;92,103,114,125,136,135,134,133,132;41,40,39,50,61,72,83,84,95,96,107,108,119,130,129,128,127,116;49,60,71,82,93,94,105,106,117,118;80,81,70,59,48,37,38,27,28,29,30,31,42,53,52,51,62,73,74,85;121,122,123,124;101,100,89,78,67,56,57,46,35,24,13,14,3,4,5,6,7,8,9,10,21,32,43,54,65,76,87,98,97;33,22,11,0,1,2;109,120,131,142,141,140,139,138,137,126,115,104
11:13,0,12,8;119,108,97,86,85,74,63,52,41,30,19,8;36,37,48,59,70,69,68,67,78,89,100,111,122;75,64,53,42,31,20,9,10;38,49,60,71,82,93,104,115,116,127;142,141,140,139,138,137,136,135,124,113,102,91;21,32,43,54,65,76,87,98,109,120,131,130,129,118,107,96,95,84,73,62,51,40,29,18,17,16,15,14,13,12,23,34,45,56,57,58;7,6,5,4,3,2,1,0,11,22,33,44,55,66,77,88,99,110,121,132,133,134,123,112,101,90,79,80,81,92,103,114,125,126;128,117,106,105,94,83,72,61,50,39,28,27,26,25,24,35,46,47
11:13,0,13,10;98,97,96,95,84;124,125,126,127,128,129;104,93,82,71,60,49,48,47,46,45,44,33,22,11,0,1,2,3;89,88,99,110,121;73,74,85,86,87;132,133,122,111,100,101,90,79,78,77,66,55,56,57,58,59,70,81,92,103,114,115,116,105,94,83,72,61,50,51,40;107,108,109,120,131,142,141,140,139,138,137,136,135,134,123,112,113,102,91,80,69,68,67;106,117,118,119,130;76,75,64,53,42,31,20,19,18,17,16,27,26,25,24;62,63,52,41,30,29,28,39,38,37,36,35,34,23,12,13,14,15,4,5,6,7,8,9,10,21,32,43,54,65
11:13,0,14,9;78,89,100,111,122,133;114,103,92,81,82,83,72,61,50,39,28,17,16,15,14,13,12,23,34,45,46,47,48;139,140,129,130,119,108,97,86,75,64,53,42,31,20;24,35,36,37;118,117,128;6,5,4,3,2,1,0,11,22,33,44,55,56,57,58,59;132,121,110,99,88,77,66,67,68,79,90,101,112,123,134,135,136,137,138,127,116,105,106,107,96,85,74,63,52,41,30,19;38,27,26,25;49,60,71,70,69,80,91,102,113,124,125,126,115,104,93,94,95,84,73,62,51,40,29,18,7,8,9,10,21,32,43,54,65,76,87,98,109,120,131,142,141
11:13,0,15,7;116,117,118,119,120,109,98,87,76,65,54,43,32,21,10,9,8,7,6,5,16,27,38,49,50;29,30,41,52,63,74,85,96,107,106,105,104,103,102,91,80,81;83,82,71,70,69,58,47,36,25,14,13,12,23,34,45,56,67,78,89,100,111,122,123,124,125,136,137,138,139,140,141,142;127,128,129,130,131;126,115,114,113,112,101,90,79,68,57,46,35,24;72,61,60,59,48,37,26,15,4,3,2,1,0,11,22,33,44,55,66,77,88,99,110,121,132,133,134,135;108,97,86,75,64,53,42,31,20,19,18,17,28,39,40,51,62,73,84,95,94,93,92
11:13,0,16,8;140,129,130,119,108,97,86,75,64,53,42,31,20,19,18,17,28,39,40,51,62;100,111,122,123,124,113,102,91,80,79,68,57,46,35,24;37,48,59,60,71,82,81,92,103,114,125,126;83,94,93,104,115,116,127,138,137,136,135,134,133,132,121,110,99,88,77,66,55;70,69,58,47,36,25,26;29,30,41,52,63,74,85,96,107,118,117,128,139;112,101,90,89,78,67,56,45,44,33,22,11,0,1,2,3,4,5,6,7,8,9,10,21,32,43,54,65,76,87,98,109,120,131,142,141;105,106,95,84,73,72,61,50,49,38,27,16,15,14,13,12,23,34
11:13,0,17,9;96,107,118,117,116,115,114,113,102,101,100,99;69,70,59,48,37,36,35,34,33,44,55,66,77,88,89;68,57,58;12,13,14,15,16,17,6,7,8,9,10,21,32,43,54,65,76,87,98,109,120,131,142,141,140,139,138,137,136,135,134,133,132,121,110,111,112;93,94,83,72,73,62,63,52,41,30;49,38,27,26,25,24,23,22,11,0,1,2,3,4,5;80,81,82,71,60,61,50,51,40;39,28,29,18,19,20,31,42,53,64,75,74,85,84,95,106,105,104,103,92,91,90,79,78,67,56,45,46,47;122,123,124,125,126,127,128,129,130,119,108,97,86
11:13,0,18,9;48,37,26,25,14,13,12,23,34,45,46;90,101,112,113,114,115,116,117,118,107,96,95,94,93,92,81,70,59,60,49,38,27,28,29,30,41,52;15,16,17,18,19,20,31,42,53,64,63,62;71,82,83,84,85,86,97,108,119,130,129,128,127,126,125,124,123,122,111,100,89,78,79,68,69,58,47,36,35,24;57,56,55,44,33,22,11,0,1,2,3,4,5,6,7,8,9;10,21,32,43,54,65,76,87,98,109,120,131,142,141,140,139,138,137,136,135,134,133,132,121,110,99,88,77,66,67;75,74,73,72,61,50;80,91,102,103,104,105,106;51,40,39
11:13,0,19,10;15,4,5,6,17,28,39,50,61,62,73,74,85,96,107,118,117,116,105,94,93,82,81,70,59,58,47;69,80,91,92,103,114,125,136,137,138,139,140,141,142,131,120,109,98,87,76,65,54,43,32;9,8,7,18,29,40,51;3,2,1,0,11,22,33,44,55,66,77,88,99,110,121,122,123,112,101,90,79,68,57,46,35,24;104,115,126,127,128,129,130,119,108,97,86,75,64,53,42,31;10,21,20,19,30,41,52,63;38,37,36;102,113,124,135,134,133,132;16,27,26,25,14,13,12,23,34,45,56,67,78,89,100,111;48,49,60,71,72,83,84,95,106
11:13,0,20,9;61,60,59,58,57,68,79,90;46,47,36,37,38,39,28,29,30,31,42,53,64,75,86,97,108,119,130;101,100,89,78,67,56,45,34,23,12,13,14,15,16,17,18,19,20;111,122,123,124,125,114,103,92,81;6,5,4,3,2,1,0,11,22,33,44,55,66,77,88,99,110,121,132,133,134,135,136,137,126,115,104,93,82;40,41,52,63,74,85,96,107,118,129,128;27,26,25,24,35;112,113,102,91,80,69,70,71,72,83,94,105,116,127,138,139,140,141,142,131,120,109,98,87,76,65,54,43,32,21,10,9,8,7;48,49,50,51,62,73,84,95,106,117
11:13,0,11,7;8,9,10,21,32,43,54,65,76,87,98,97,96,95,94,93,82,71,60;40,51,62,73;112,101,102,91,80,69,58,47,36,37,38,39,28,29,30,41,52,63,74;130,119,118,117,116,115,114,113,124,123,122,111,100,89,90,79,68,57,46,35,24,25,26,27;129,128,127,126,125,136,135,134,133,132,121,110,99,88,77,78,67,56,45,34,23,12,13,14,15,16,17;85,86,75,64,53,42,31,20,19,18,7,6,5,4,3,2,1,0,11,22,33,44,55,66;137,138,139,140,141,142,131,120,109,108,107,106,105,104,103,92,81,70,59,48,49,50,61,72,83,84
11:13,0,12,9;30,41,40,51;86,85,84,95,106,105,104,103,102;17,16,27,26,25;0,1,2,3;58,57,56,55,44,33,22,11,12,13,14,15,4,5,6,7,8,9,10,21,32,43,54,65,76,87,98,109,108,119,130,129,128,127,126,125,124,123,122,111,100,89,78,79,80,81,82,71,60,49;24,35,36,37,38,39,28,29,18,19,20,31,42,53,64,75,74,73,72,83,94,93,92,91,90,101,112,113,114,115,116,117,118,107,96,97;59,70,69,68,67,66,77,88,99,110,121,132,133,134,135,136,137,138,139,140,141,142,131,120;52,63,62,61,50;48,47,46,45,34,23
11:13,0,13,8;1,0,11,22,33,44,55,66,77,78,89,90,91,92;14,25,26,27,28,39,40,41,52,63,74,85,96,107,106,117,116,115,114,113,112;83,72,61,60,59,48;57,46,35,24,13,2,3,4,5,6,7,8,9,10;118,129,128,127,126,125,124,123,122,111,100,101,102,103,104,105,94,95,84,73,62,51,50,49,38,37,36,47,58,69,70,71;142,131,120,109,98,87,76,65,54,43,32,21,20,19;93,82,81,80,79,68,67,56,45,34,23,12;88,99,110,121,132,133,134,135,136,137,138,139,140,141,130,119,108,97,86,75,64,53,42,31,30,29,18,17,16,15
11:13,0,14,10;112,101,90,79,68,57,46,35,36,37,38,39,40,51,62,73,84,95,96,97,98,87,76,75,64,53,42,31,20,19,18,17,16,15;47,58,59,60;48,49,50,61;123,124,113,102,91,80,69,70,71,72,83,94,105,106;65,54,43,32,21,10,9,8,7,6,5,4,3,14;2,13,12,23,34,45,56,67,78,89,100,111,122,133,134,135,136,137,138,139,140,141,142,131,120,109;82,93,104,115,116,117,118;81,92,103,114,125,126,127,128,129,130,119,108,107;132,121,110,99,88,77,66,55,44,33,22,11,0,1;24,25,26,27,28,29,30,41,52,63,74,85,86
11:13,0,15,8;36,37,38,49,50,61,72,83,84,85,86,87,98,109,120,131,142,141,140,139,128;42,31,20,19;115,114,113,112,101,90,79,68,57,56,45,34,23,12,13,14,15,16,17,18,29,30,41,52,63,64,65,76;119,108,107,106,105,104,103,102,91,80,69,58,47,46,35,24,25,26,27,28,39,40,51,62,73,74,75;97,96,95,94,93,92,81,70;53,54,43,32,21,10,9,8,7,6,5,4,3,2,1,0,11,22,33,44,55,66,67,78,89,100,111,122,123,124,125,126,127,116,117,118,129,130;48,59,60,71,82;138,137,136,135,134,133,132,121,110,99,88,77
11:13,0,16,10;114,113,112;134,133,132,121,110,99,88,77,66,55,44,33,22,11,0,1,2,3,4,5,6,7,8,9,20;31,30,19,18,17,16,15,14,13,12,23,34,45,56,67,78,89,100,111,122;48,49,60,61,62,73,84,95,106,117,128,139,140,141,142,131;10,21,32,43,54,65,76,87,98,109,120;119,108,97,86,75,64,53,42,41;125,126,115,104,103,102,101,90,79,68,57,46,35,24,25,26,27,28,29,40;69,80,91,92;123,124,135,136,137,138,127,116,105,94,83,72,71;130,129,118,107,96,85,74,63,52,51,50,39,38,37,36,47,58,59,70,81,82,93
11:13,0,17,10;69,80,79,78;17,16,15,14,13,12,23,34,45,56,57,58,59,70,71,72,61;53,52,63,74,85,96,107,106,105,104,103,102,101,112;84,95,94,93;83,82,81,92,91,90,89,100,111,122,123,124,113,114,115,116,117,118;36,37,38,39,50,51,62,73;60,49,48,47,46,35,24,25,26,27,28,29,18,19,20;30,31,32,21,10,9,8,7,6,5,4,3,2,1,0,11,22,33,44,55;64,75,86,97,108,119,130,129,128,127,126,125;68,67,66,77,88,99,110,121,132,133,134,135,136,137,138,139,140,141,142,131,120,109,98,87,76,65,54,43,42,41,40
11:13,0,18,9;103,114,113,112,101,90,79,80,69,70,71,72,73,74,85,86,97,108,119,130,141,142;94,105,106,117,128,139,140;21,32,43,42,41,40,39,38,37,36,35,46,45,56;75,64,63,62,61,60,59,58,57,68,67,78,89,100,111,122,123,124,125,126;19,8,7,6,5,4,3,2,1,0;102,91,92,81,82,83,84,95,96,107,118,129;18,17,16,15,14,13,12,11,22,33,44,55,66,77,88,99,110,121,132,133,134,135,136,137,138,127,116,115,104,93;34,23,24,25,26,27,28,29,30,31,20,9,10;131,120,109,98,87,76,65,54,53,52,51,50,49,48,47
11:13,0,19,8;125,126,127,128,129,118,107,96,85,74,63,52,41,30,29;56,67,78,89,100,111,122,123,134,135,136,137,138,139,140,141,130,119,108,97,86,75,64,53,42,31,20,19,18;106,95,84,73,62,51,40,39,28,17,16,15,14,13,12;105,94,83,72,61,50,49,38,27,26,25,24,23,22,11,0,1,2,3,4,5,6,7,8,9,10,21,32,43,54,65,76,87,98,109,120,131,142;124,113,112,101,90;114,103,102,91,80,79,68,57,46,45,44,55,66,77,88,99,110,121,132,133;37,48,59,60,71,82,93,104,115,116,117;92,81,70,69,58,47,36,35,34,33
11:13,0,20,5;60,71,82,93,104,103,102,101,100,111;105,94,83,72,61,50,49,48,59,70,81,92,91,90,89,88,99,110;121,122,123,124,125,126,127,128,129,130,119,108,97,86,75,64,53,42,31,20,19,18,17,16,15,14,13,12,23,34,45,56,67,68;57,46,35,24,25,26,27,28,29,30,41,52,63,74,85,96,107,118;132,133,134,135,136,137,138,139,140,141,142,131,120,109,98,87,76,65,54,43,32,21,10,9,8,7,6,5,4,3,2,1,0,11,22,33,44,55,66,77,78,79,80,69,58,47,36,37,38,39,40,51,62,73,84,95,106,117,116,115,114,113,112
11:13,0,27,6;52,41,30,29,28,27,26,25,24,35,46,57,68,79,90,101,112,113,114,115,116,117;48,59,60,71,82,83,84,85;86,87,98,109,108,119,130,129,128,127,126,125,124,123,122,111,100,89,78,67,56,45,34,23,12,13,14,15,16,17,18,19,20,31,42,53,64,63,62,51,40,39,38,49;80,91,102,103,104,105,106,107,118;120,131,142,141,140,139,138,137,136,135,134,133,132,121,110,99,88,77,66,55,44,33,22,11,0,1,2,3,4,5,6,7,8,9,10,21,32,43,54,65,76,75,74,73,72,61,50;37,36,47,58,69,70,81,92,93,94,95,96,97
11:13,0,27,7;84,95,106,117,128,127,126,125,124,123,112,101;43,32,21,10,9,8,7,6,5,4,3,2,1,0,11,22,33,44,55,56,57,58,59,60,61,72,83,94,105,116,115,114,103,92,81,80,79,78,77,88,99,110,121,132;66,67,68,69,70,71,82,93,104;108,119,130;50,49,48,47,46,45,34,23,12,13,14,15,16,17,18,19,20,31,42,53,54,65,76,87;113,102,91,90,89,100,111,122,133,134,135,136,137,138,139,140,129,118,107,96,85,74,73,62,51,40,39,38,37,36,35;24,25,26,27,28,29,30,41,52,63,64,75,86,97,98,109,120,131,142,141
11:13,0,91,13;14,13,12,23,34,45,56,67,78,89,90,91,80,81,82,83,72,73;59,48,49,38,39,28,17,16,15;37,36,47,58,69,70,71,60,61,50,51;100,101,102,103,92,93,94,105;43,54,65,76,87,98,109,108,107,106,95,84,85,74,63,62;140,139,138,137,136,135,134,133,132;18,29,40;52,41,30,19,20;96,97,86,75;124,123,122,121;104,115,116,117,118,119,120,131;27,26,25,24,35,46,57,68,79;64,53,42,31,32,21,10,9,8,7,6,5,4,3,2,1,0,11,22,33,44,55,66,77,88,99,110,111,112,113,114,125,126,127,128,129,130,141,142
11:13,0,92,11;107,108,119,130,129,128;37,48,59,70,71,82,83;118,117,106,105,104,103,102,91,90,79,68,57,46,35,24;42,31,30;66,55,44,33,22,11,0,1,2,13,14;89,100,101,112,113,114,115,116,127;20,19,18,29,40,41,52,53,64,65,76,87,86,85,84,73,72,61,60,49,38,27,16;75,74,63,62,51,50,39,28,17;126,125,124,123,122,111,110,99,88,77,78,67,56,45,34,23,12;5,6,7,8,9,10,21,32,43,54;3,4,15,26,25,36,47,58,69,80,81,92,93,94,95,96,97,98,109,120,131,142,141,140,139,138,137,136,135,134,133,132,121
11:13,0,93,9;132,133,122,111,100;142,131,120,119,108,97,86,75,64,53,42,31,20,19,18,17,6;0,1,2,3,4,5,16,27,28,29,30,41,52,63,74,85,96,107,118,129,130,141;121,110,99,88,89,90,101,112,123,134,135,136,137,126,115,114,103,92,81,70,69,68,67,56,45,34,23,24,25,36,47,48,49,50,51,62,73,84;109,98,87,76,65,54,43,32,21,10,9,8,7;140,139,138;40,39,38,37,26,15,14,13,12,11,22,33,44,55,66,77,78,79,80,91,102,113,124,125;117,106,95,94,83,72,61;128,127,116,105,104,93,82,71,60,59,58,57,46,35
11:13,0,94,13;95,106,107,118,129;119,130,141,140,139,128,117,116,105,94,93,82,81;142,131,120,109,98,87,86;22,33,44,55,66,77;15,14,13;0,11,12,23,24,25,26,27,16,17;112,113,102,91,80,69,70,71,72,83,84,85,96,97,108;138,137,136,135,134,133,132,121,110,99,88,89,78,67,56,45,34,35,36,37,38,39,28,29,18,19,20,31,42;1,2,3,4,5,6,7,8,9,10,21,32,43,54,65,76;63,62,61,60,59,58;92,103,114,125,124,123,122,111,100,101,90,79,68,57,46,47,48,49,50,51,40;30,41,52,53,64,75,74,73;127,126,115,104
11:13,0,95,13;93,82,71,60,49;91,92,81,70,59;121,132,133,134,135,136,125,114,113,112,111,100,89,78,67,68,57,58,47,48,37,38,39,50,51,62,73,84,95,106;56,45,46;137,138,139,140,141,142,131,120,109,98,87,76,65,54,43,32,21,10;69,80,79,90,101,102;115,126,127,128,129,130,119,108,97,86,75,64;53,52,63,74,85,96,107,118,117,116,105,104,103;94,83,72,61;24,13,14,15,16,17,18,19,30;122,123,124;42,41,40,29,28,27,26,25,36,35,34,23,12;31,20,9,8,7,6,5,4,3,2,1,0,11,22,33,44,55,66,77,88,99,110
11:13,0,96,13;14,13,12;95,94,93,82,71,72,73,74,75,86,97,108,119,130,129,128,139;106,105,104,115,126,137;78,89,100,111;83,84,85,96,107,118,117,116,127,138;15,4,3,2,1,0,11,22,33,34,45;62,63,64,53,42,31,20;18,29,40,51,50,61,60,59,70,81,92,103,114,125,136,135,134,133,132,121,110,99,88,77;23,24,25;140,141,142,131,120,109,98,87,76,65,54,43,32,21,10,9,8,7,6,17,28,39,38,49,48,47,58,69,80,91,102,113,124,123,122;19,30,41,52;5,16,27,26,37,36,35,46,57,56;44,55,66,67,68,79,90,101,112
11:13,0,97,12;12,13,24,35,46,57;66,77,88,99,110,121,132,133,134,135,136,137,138,139,140,141,142,131,120,109,98,87,76,65,54,43,32,21,10,9,8,7,6;29,30,31,42,53;127,126,125,124,123,112,101,90,91,92,103;71,82,93,94,105,116,117,128,129,130,119,108,97,86,75,64,63,52,41,40,39,28,17,18,19,20;81,80,79,78,89,100,111,122;104,115,114,113,102;118,107,106,95,84,83,72,61,60,59,70,69,68,67,56,55,44,33,22;15,14,25,36,47,58;48,37,26;11,0,1,2,3,4,5,16,27,38,49,50,51,62,73,74,85,96;45,34,23
11:13,0,98,11;118,107,96,85;110,121,122;95,84,83,72,61,50,49,48,37;109,98,87,76,65,54,43,32,21,10,9,8,7,6,5,4,3,2,1,0,11,22,33,44,55,66,77,88,99,100,111;130,129,128,127,116,115,104,93,82,71,60,59;94,105,106,117;64,53,42,31,20,19,18,17,16,15,14,13,12,23,34,45,56,67,78,89,90,101,112,123,134,133,132;139,140,141,142,131,120,119,108,97,86,75,74,73,62;28,29,30,41;36,47,58,69,70,81,92,103,114,125,126,137,138;63,52,51,40,39,38,27,26,25,24,35,46,57,68,79,80,91,102,113,124,135,136
11:13,0,99,11;108,107,96,85,84,83,72,61,50,49,48,47,58;132,133,134,135,136;14,13,12,23,34,45,56;64,53,42,31,20,19,18,17,16,15,26,25,24,35,46,57,68,67,78,89,100,111,112,113,114,115,116,127,128,129;36,37,38,39,40,51,62,73;27,28,29,30,41,52,63,74,75,86,97,98,109,120;59,60,71,82,93,94,95,106;131,142,141,140,139,138,137,126,125,124,123,122,121,110,99,88,77,66,55,44,33,22,11,0,1,2,3,4,5,6,7,8,9,10,21,32,43,54,65,76,87;69,80,79,90,101,102,103,104,105;117,118,119,130;70,81,92,91
11:13,0,100,13;0,1,12;93,82,71,60;120,131,142,141,140,139,138,137,136,135,134,133,132,121,110,99,88,77,66,55,44;105,94,83,72,73,74;86,85,84,95,106,117,116,115,104,103,92,81,70,69,58,47;50,61,62;100,111,122,123,124,125,126,127,128,129,130,119,108,109;114,113,112,101,90,89,78,67,56,45,34,33;59,48,37,26,27,28,29,30,41;11,22,23,24,13,2,3,4,5,6,7,8;43,32,21,10,9;65,54,53,42,31,20,19,18,17,16,15,14,25,36,35,46,57,68,79,80,91,102;49,38,39,40,51,52,63,64,75,76,87,98,97,96,107,118
11:13,0,101,10;59,70,71,82,83,94,105,116,127,128,129,130,119,108,97,86,75,64,63,62;91,102,103,114;110,121,132,133,134,135,136,137,138,139,140,141,142,131,120,109,98,87,76,65,54,53,52,51;24,35,34,45,56,67,78,89,90,101,112,113,124,125,126,115,104,93,92,81,80,69,58,47,48,49,60;14,13,12,23;123,122,111,100,99,88,77,66,55,44,33,22,11,0,1,2,3,4,5,6,7;26,15,16,17,18,19,8,9,10,21,32,43,42,41,40,39,50,61,72,73,84,95,106,117;20,31,30,29,28,27,38,37,36,25;74,85,96,107,118;46,57,68,79
11:13,0,102,11;77,66,55,44,33,22,11,0,1,2,3,4,5,6,7,8,9,10,21,32,31,30,41;121,132,133,134,135,136,137,138,139,128,129,130,119,108,97,86,75,64,53,52,51,50,39,28,17,16,15,14,13,12,23,34,45,56,67,78;124,125,126,115,104,93,94,83,84;110,111,100,101,102,91,80,69,58,47,36;122,123,112,113,114,103,92,81,82;20,19,18,29,40;127,116,117,118,107,96,85,74,63,62,61,60,49;26,25,24,35,46,57,68,79,90,89,88,99;73,72,71,70,59,48,37,38,27;105,106,95;42,43,54,65,76,87,98,109,120,131,142,141,140
11:13,0,103,9;101,90,91,80,69,58,57,56,45,34,23,12,13,14,15,16,17,18,19,20,21,10;61,72,83,94,105,116,115,114,113,112;89,100,111,122,123,124,125,126,127,128,117,106,95,84,73,62,51,50,49,60,71,82;78,77,88,99,110,121,132,133,134,135,136,137,138,139,140,129,130,119,108,97,86,75,64,53,42;93,92,81,70,59,48,37,38,39,40,41,52,63,74,85,96,107,118;46,47,36;9,8,7,6,5,4,3,2,1,0,11,22,33,44,55,66,67,68,79;141,142,131,120,109,98,87,76,65,54,43,32,31,30,29,28,27,26,25,24,35;104,103,102
11:13,0,104,13;15,26,37,48,59,70,81,92,103,102,113,124,123,122,111;45,44,55,66,77,88,99,110,121,132,133,134,135,136,137,138,139,128;125,114,115,104,93,82,71,60,49,50,51,52,53,42;130,129,140;24,25,36,47,58,69,68,79;10,9,8,7,6,17,28,29;80,91,90,101,112;126,127,116,105,94,83,72,61,62,63;86,85,96,107,108,109;97,98,87,76;100,89,78,67,56,57,46,35,34,23,12,13,14;31,30,41,40,39,38,27,16,5,4,3,2,1,0,11,22,33;141,142,131,120,119,118,117,106,95,84,73,74,75,64,65,54,43,32,21,20,19,18
11:13,0,105,14;133,132,121,110,99,100;117,118,107,108;112,111,122;65,76,87,98,109,120,119,130,129,128,127,116;77,78,79,80,69,70,59,48;103,114,125,136,135,134;93,94,83,84,85,86,75,64,53,54,43,32,21,10,9,8,19,30,29,40;123,124,113,102,91,92,81,82,71,72,73,74,63,52,41,42,31,20;18,7,6,5,4,3,2,1,0,11,22;17,16,15,14,13,12,23,34,33,44,55;61,60,49,38,37,36,47,58,57,68;62,51,50,39,28,27,26,25,24,35,46,45,56,67,66;131,142,141,140,139,138,137,126,115,104,105,106,95,96,97;88,89,90,101
11:13,0,106,10;35,36,25,26,27,28,29,30,31,20;123,122,111,100,89,78,67,56,57,58,59,60,49;62,63,74,85,96,95,94,83,82,81,80,91,102,103,114,125,126,127,128,129,130,131,142;84,73,72,71,70,69,68,79,90,101;112,113,124,135,136,137,138,139,140,141;16,17,18,19;61,50,51,52,53,64,75,86,97,108,107,106,105;134,133,132,121,110,99,88,77,66,55,44,33,22,11,0;3,2,1,12,23,34,45,46,47,48,37,38,39,40,41,42,43,54,65,76,87,98,109,120,119,118,117,116,115,104,93,92;32,21,10,9,8,7,6,5,4,15,14,13,24
11:13,0,107,12;77,88,99,100;63,52,41,30,29,28,27,38,49,50,61,72,71,70,69,58,47,36,25,24,13,12,11;16,17,18,19,20,31,42,53,64,75,86,97,108,119,130,129,128,127,126,125,136,135,134,133,132,121;60,59,48,37,26,15,4,5,6,7,8,9,10,21,32,43,54,65,76,87,98,109,120,131,142,141,140,139,138,137;45,56,57,68,79;39,40,51,62,73,84,95,106,105,104,93;23,22,33,44,55,66,67,78,89,90,91,80;110,111,122,123,124,113,114,115,116,117,118,107,96,85,74;46,35,34;14,3,2,1,0;92,81,82,83,94;112,101,102,103
11:13,0,108,10;31,20,9,8,7,6,5,4,3,2,1,12,23,34,33;103,104,105,106;61,62,73,84,95,94,93,92,91,102,113,114,115,116,117,118,107,108,97,86,75,76,65,54,43,32,21,10;16,15,14,13,24,35,46,45,44;87,98,109,120,131,142,141,140,139,138,137,136,135,134,133,122,111,100,89,78,67,68,69,70,59,48,37,38,39;119,130,129,128,127,126,125,124,123,112,101,90,79,80,81,82,83,72;96,85,74,63,64,53,42;71,60,49,50,51,40,29;52,41,30,19,18,17,28,27,26,25,36,47,58,57,56,55,66,77,88,99,110,121,132;22,11,0
11:13,0,109,14;106,105,94;130,119,108,107;13,14,15,16;85,86,75,64,53;30,29,40,51,62;46,47,48,49,60;96,95,84,73,72,61,50,39,38,37,36,35,24,23,12;97,98,109,120,131,142,141,140,129,118,117,116,127,126,125,114,103;128,139,138,137,136,135,134,133,132,121,110,99,88,77;69,68,79,90,101,112;25,26,27,28,17,18,19,20,31,42,41,52,63,74;87,76,65,54,43,32,21,10,9,8,7,6,5,4,3,2,1,0,11,22,33,44,55,66,67,78,89,100,111,122,123,124,113,102,91,80,81;83,82,71,70,59,58,57,56,45,34;115,104,93,92
11:13,0,110,12;86,97,96,107,118,117,116,115,114,113,112,101,90,89,78,77,66,55,44,33,22,11,0,1,2,13,24,25,36,37,48,49,50,61,72;12,23,34,35;57,58,69,70,81,92,93,94;6,7,18;63,52,41;65,54,43,32,21,10,9,8,19,30,29,28,17,16,5,4,3;74,85,84,95,106,105,104,103,102,91,80,79,68,67,56,45,46,47;110,121,132,133,134,135,136,137,138,139,140,141,142,131,120,109,98;83,82,71,60,59;108,119,130,129,128,127,126,125,124,123,122,111,100,99,88;20,31,42,53,64,75,76,87;73,62,51,40,39,38,27,26,15,14
11:13,0,111,14;123,134,135,136,137,138,127;142,141,140,139,128,117,116,115,126;132,133,122,111,112,101,90,79,68,57,46,47,36,37,38,39,40;104,93,92,91,102,113;121,110,99,88,77,66,55,44,33,22,23,24,25,26,27,28,29,30,41,42,53;100,89,78,67,56,45,34,35;84,95,94,105;106,107,96,85,74,63,52,51,50,49,48,59;62,73,72,83,82,81,80;11,0,1,2,3,4,5,6,7,8,9,10,21;61,60,71,70,69,58;12,13,14,15,16,17,18,19,20,31,32,43,54,65,76,87,98,109,120,131,130;129,118,119,108,97,86,75,64;103,114,125,124
11:13,0,112,10;58,59,70,71,82;37,26,15,16,17,18,19,20,31,42,43,54,65,76,87,86,97,108,119,130,129,128,127,126,125,124,123,122,111;51,62,63;0,11,22,33,34,45,56,67,78,77,88,99,110,121,132,133,134,135,136,137,138,139,140,141,142,131,120,109,98;66,55,44;13,14,25,36,47,48,49,38;89,100,101,112,113,114,115,116,117,118,107,96,85,84;60,61,50,39,40;32,21,10,9,8,7,6,5,4,3,2,1,12,23,24,35,46,57,68,79,90,91,102,103,104,105,106,95;27,28,29,30,41,52,53,64,75,74,73,72,83,94,93,92,81,80,69
11:13,0,113,10;85,96,95,106,117,128,127;93,82,71,72;10,21,32;136,135,134,133,132,121,110,99,88,77,66,55,44,33,22,11,0,1,2,3,4,5,6,7,18,29,28,27,26,25,24;129,130,119,120,109,98,87,76,75,74,73,84,83,94,105,104;86,97,108,107,118;43,54,65,64,63,62,61,60,59,70,81,92,103,102;131,142,141,140,139,138,137,126,125,124,123,122,111,100,89,78,67,56,45,34,23,12,13,14,15,16,17;116,115,114,113,112,101,90,91,80,69,58,47,48,49,50,51,52,53,42,31,20,9;79,68,57,46,35,36,37,38,39,40,41,30,19,8
11:13,0,114,9;57,68,69,80,81,82,83,72,73,62,51,40;142,131,120,109,98,87,76,65,54,43,32,21,10,9,8,7,6,5,16,27,28,29,30,41,52,63,74,85,84,95,94,93,92,91,90,79,78,67,56,45,46,35,24,23;49,48,59;99,110,121,132,133,134,135,136;22,11,12,13,14,25,36,47,58;70,71,60,61,50,39,38,37,26,15,4,3,2,1,0;117,106,105,104,103,102,101,100,89,88,77,66,55,44,33,34;123,124,125,126,137,138,139,140,141,130,119,108;17,18,19,20,31,42,53,64,75,86,97,96,107,118,129,128,127,116,115,114,113,112,111,122
11:13,0,115,11;53,42,31,20,19;6,17,16,27,38,49,60,71,82,93,92,103,102;12,13,14,25,36,35,46,57;132,133,134,135,136,137,138,139,140,141,142,131,120,109,98,87,86,75,64,63,52;106,95,84,73,62,51,40,41,30;5,4,15,26,37,48,59,70,81,80,91;47,58,69,68,79,90,101;74,85,96,107,118,117,116,127,126,125,124;111,100,89,78,67,56,45,34,23,24;76,65,54,43,32,21,10,9,8,7,18,29,28,39,50,61,72,83,94,105,104,115,114,113,112,123,122,121,110,99,88,77,66,55,44,33,22,11,0,1,2,3;128,129,130,119,108,97
11:13,0,116,10;104,115,126;52,51,62,73,74,75,86,97,98,109,120,131,142,141,140,139,138,137,136,125,124,113,112,101,90,79,68,57;40,39,50,61,72;38,49,60,71,82,83,84,85,96,107,108,119,130,129,128,127,116,105;31,20,19,18,17,16,15,14,13,12,23,34,45,56,67,78,89,100,111,122,123;43,32,21,10,9,8,7,6,5,4,3,2,1,0,11,22,33,44,55,66,77,88,99,110,121,132,133,134,135;48,59,70,81,92,93,94,95,106,117,118;54,53,42,41,30,29,28,27,26,37,36;25,24,35,46,47,58,69,80,91,102,103,114;63,64,65,76,87
11:13,0,117,11;110,99,88,77,66,55,44,33,22,11,0,1,2,3,4,5,6,7,8,9,10,21,32,43,54,65,76,87,98;119,130,129,140,139,138,137,136,135,134,133;38,49,60,71,72,73;132,121,122,111,100,89,78,67,56,45,34,23,12,13,14,15,16,17,18,19,30,41,52,53,64,75,86,97,108,109,120,131,142,141;29,40,51,62,63,74,85,96,107,118,117,128;102,101,90,79,68,57,46;112,113,114,103,92,91,80,69,58,47;42,31,20;115,104,93,94;123,124,125,126,127,116,105,106,95,84,83,82,81,70,59,48,37,36,35,24;25,26,27,28,39,50,61
11:13,0,118,14;72,71,60,49,50,51,40,29,30,31;68,69,58,47,36,37,26,27,16,5,6,7,8,9,10,21,32,43,42,41,52,63,74,85;20,19,18,17,28,39,38;84,73,62,61;142,141,140;70,59,48;123,122,111,100,89,88,77,66,55,44,33,22,11,0,1,2,3,4,15;57,46,35,24,25,14;109,108,119,118,117,116,127,126,125,124,113,112,101,90;102,91,92,93,104,105,106,107,96,97,86,75,64,53,54;103,114,115;99,110,121,132,133,134,135,136,137,138,139,128,129,130,131,120;95,94,83,82,81,80,79,78,67,56,45,34,23,12,13;98,87,76,65
11:13,0,119,14;53,42,41,30,29,28,17,6,5,4,3,2,1,0,11,22,33,44,55,66,77,88,99,110,121,132,133,134,135;102,91,80,69;34,23,12,13,14,15,16,27;92,81,70,59,48,47,36;62,61,50,49,38,37,26,25,24,35,46,45,56,67,78,89;118,117,116;8,9,10,21,32,43,54;60,71,82,83,84,95,96,97,98,109,120,131,142,141,140,139,138,137,136;72,73,74,85,86,87,76,65;58,57,68,79,90,101,100,111,122,123,124,125;115,126,127,128,129,130,119,108,107,106,105;39,40,51,52,63,64,75;112,113,114,103,104,93,94;31,20,19,18,7
11:13,0,120,13;40,29,18,19,20,31,42,53,64,75,86,97,108;117,128,129,130;66,55,44,33,34;119,118,107,96,95,94,93,104,115,114,113;15,4,3,2;5,6,17,28,39,38,37,48,59,60,61,72,83,82,81,92,103,102,101,112,123,124,125,126,127,116,105,106;84,73,62,51,50,49;47,46,45,56,67,78,77,88,99,110,121,132,133,134,135,136,137,138,139,140,141,142,131,120,109,98,87,76,65,54,43,32,21,10,9,8,7;71,70,69,80,91;16,27,26,25,14,13,12,1;85,74,63,52,41,30;0,11,22,23,24,35,36;58,57,68,79,90,89,100,111,122