12:14,0,21,9;61,60,72,84,85,86,87,75,63,51,39,27,28,29,30,31;48,49,37,25,13;79,80,81,82;155,167,166,165,164,163,162,161,160,159,158,157,156,144,132,120,108,96,97,98,110,122,134,135,136,137,138,139,140,141,142,130,118,106,94,93,92,91,90,78,66,67,68,69,70,58,59,47,35,23,11,10,9,8,7,6,5,4,3,2,1,0,12,24,36;109,121,133,145,146,147,148,149,150,151,152,153,154;73,74,62,50,38,26,14,15,16,17,18,19,20,21,22,34,46,45,57,56,55,54,53,65,77,89,101,102,103;33,32,44,43,42,41,40,52,64,76,88,100,112,113,114,115,116,104,105;143,131,119,107,95,83,71;117,129,128,127,126,125,124,123,111,99
12:14,0,22,8;52,51,63,75,74,86,98,110,122,134,135,136,137,138,126,127,128,140,141,153,154;152,164,163,162,161,160,159,158,157,156,144,132,120,108,96,84,72,60,48,36,24,12,13,14,15,16,17,18,19,31,32,33,45,57,56,68,67,66,65,64,76,88,87,99,111,123,124,125,113,114,115,116,117,129;165,166,167,155,143,131,119,107,95,83,71,59,47,35,23,11,10,9;69,81,80,79,78,77,89,101,100,112;42,30,29,28,27,26,25,37,49;142,130,118,106,105,104,103,102,90;44,43,55,54,53,41,40,39,38,50,62,61,73,85,97,109,121,133,145,146,147,148,149,150,151,139;0,1,2,3,4,5,6,7,8,20,21,22,34,46,58,70,82,94,93,92,91
12:14,0,23,9;139,140,141,129,117,105,93,81,69,57,45,33,34;5,17,16,15,27,39,51,63,75,87,99,111;67,68,80,92,104,116,128,127,126,138,150,149,148,147,146,145,133,121,109,97,85,73,61,60,48,36,24,12,0,1,2,3,4;79,78,66,54,55,56,44,32;102,101,89,77,65,53,41,42,43,31,19,20,21,22;164,165,166,167,155,143,131,119,107,95,83,71,59,47,35,23,11,10,9,8,7,6,18,30,29,28,40,52,64,76,88,100,112,124,123;90,91,103,115,114,113,125,137,136,135,134,122,110,98,86,74,62,50,49,37,25,13;14,26,38;46,58,70,82,94,106,118,130,142,154,153,152,151,163,162,161,160,159,158,157,156,144,132,120,108,96,84,72
12:14,0,24,11;46,58,70,82,94;15,14,13,25,37,49,48,60,72;146,145,133,121,109,97,98,86,74,75,63,51,39,40,41,29,17,5,6,7,8,9,10;30,42,54,53,65,77,89,101,100,112,124,123,135,147;128,127,126,125;67,79,91,103,115;134,122,110,111,99,87,88,76,64,52;18,19,31,43,55,56,68,80,92,104,116,117,129,141,140,139,138,137,136;36,24,12,0,1,2,3,4,16,28,27,26,38,50,62,61,73,85,84,96,108,120,132,144,156,157,158,159,160,161,162,163,164,165,166,167,155,143,131,119,107,95,83,71,59,47,35,34,33;66,78,90,102,114,113;148,149,150,151,152,153,154,142,130,118,106,105,93,81,69,57,45,44,32,20,21,22,23,11
12:14,0,25,10;19,18,17,16,15,27,39,40,41,42,54,66,78,79,80,92,104,116,128,127,126,125,124,123,122,110,98,86,85,73,61,49,37;1,0,12,24,36,48,60,72,84,96,108,120,132,144,145,146,147,148,149,150,151,152,153,154,142,130,118,106,94,82,70,58,46,34,22;56,57,69,81,93,105,117,129,141,140,139,138,137,136,135,134,133,121,109,97;30,29,28;44,45,33;74,75,87,99,111,112,113,114,115,103,91,90,89,77,65,53,52,51,50,38,26,25;6,7,8,9,10,11,23,35,47,59,71,83,95,107,119,131,143,155,167,166,165,164,163,162,161,160,159,158,157,156;5,4,3,2,14,13;68,67,55,43,31,32,20,21;62,63,64,76,88,100,101,102
12:14,0,26,8;51,63,75,76,77,78,79,80,92,104,116,128,140,152,164,163,162,161,160,159,158,157,156,144,132,120;64,65,66,67,68,69,81,93,105,117,129,141,153,165,166,167,155,143,131,119,107,95,83,71,59,47,35,23,11;121,133,145,146,147,148,149,150,151,139,127,115,103,91,90,89,101,113,125,124,123,111,99,98,97,85,73,61,49,37,25,13,14,15,16,17,18,30,31;21,33,45,57,56,55,54,53,52,40,39,38,50,62,74,86,87;102,114,126,138,137,136,135,134,122,110,109,108,96,84,72,60,48,36,24,12,0,1,2,3,4,5,6,7,19;154,142,130,118,106,94,82,70,58,46,34,22,10,9,8,20,32,44,43;42,41,29,28,27,26;88,100,112
12:14,0,27,8;124,125,126,127,128,116,104,92,80,81,82,94,106,118,130,142,154,153,152,151,150,149,148,147;22,21,20,19,18,17,16,15,14,13,25;62,63,51,39,38,37,36,48,60,72,84,96,108,120,132,144,156;50,49,61,73,85,97,109,121,133,145,157,158,159,160,161,162,163,164,165,166,167,155,143,131,119,107,95,83,71,70,69,68,56;24,12,0,1,2,3,4,5,6,7,8,9,10,11,23,35,47,59,58,57,45,44,43,55,67,79,91,103,115,114,113,112;29,41,53,65,77,89,88,87,99,111,123,135,136,137,138,139,140,141,129,117,105,93;100,101,102,90,78,66,54,42,30,31,32,33,34,46;26,27,28,40,52,64,76,75,74,86,98,110,122,134,146
12:14,0,28,10;37,49,61,73,85,97,109,121,133,145,146,147,148,149,150,151,152,153,154,142,130,118,106,94,82,70;53,41,29,17,5,6,7,8,9,10,11,23,35,47,46,45,44,56,68,69,81,93,105,117,129,141,140,139,138,137,136,135,134,122,110,98,86,74,62,50,38,26,25,24;87,99,111,123,124,125,126;13,14,15,27,39,51,63,75,76,88,100,112,113,114;22,21,20,19,18;34,33,32;127,115,103,102,101,89,77,65,64,52,40,28,16,4,3,2,1,0,12;80,79,67,55,43,31;128,116,104,92,91,90,78,66,54,42,30;36,48,60,72,84,96,108,120,132,144,156,157,158,159,160,161,162,163,164,165,166,167,155,143,131,119,107,95,83,71,59,58,57
12:14,0,29,11;113,125,137;8,7,6,5,4,3,2,1,0,12,24,25,26,27,28,29,30,42,54,55,56,57,45,46;152,153,154,142,130;22,34,33;134,122,110,98,86,74,62,63,64,65,66,67,68,69,81,93,105,104,116,128;138,126,114,102,101,89,77,76,75,87,99,111,123,135,147,146,145,133,121,109,97,85,73,61,49,50,51,52,53;71,83,95,107,119,131,143,155,167,166,165,164,163,151,150,149,148,136,124,112,100,88;90,78,79,80;41,40,39,38,37,36,48,60,72,84,96,108,120,132,144,156,157,158,159,160,161,162;92,91,103,115,127,139,140,141,129,117,118,106,94,82,70,58,59,47,35,23,11,10,9,21,20,32;44,43,31,19,18,17,16,15,14,13
12:14,0,30,11;128,140,152,164,165,166,167,155,143,131,119,107,95,83,71,70,69,68,56,44,45,46;98,97,109,121,133,145,146,147,148,149,150,138,126,114,115;52,64,76,88,100,112,124,123,135,134;3,2,1,0,12,24,36,48,60,72,84,96,108,120,132,144,156,157,158,159,160,161,162,163,151,139,127;22,21,20,19,18,30,42,54,66,78,90,102,101,113,125,137,136;154,153,141,129,117,105,93,92,80,79,67,55,43,31,32,33,34;17,29,28,27,26,38,50,62,74,86,85;142,130,118,106,94,82,81;122,110,111,99,87,75,63,51,39,40,41,53,65,77,89;73,61,49,37,25,13,14,15,16,4,5,6,7,8,9,10,11,23,35,47,59,58,57;91,103,104,116
12:14,0,21,8;43,44,32,33,34,35,47,59,71,83,95,107,119,131,143,155,154,153,152,151,150,149,148,147,146,145,133;58,70,82,94,106,118,130,142,141,140,139,138,137,136,135,134,122,121,109,97,85,73,61,49,37,25,13,14,15,16,17,18;167,166,165,164,163,162,161,160,159,158,157,156,144,132,120,108,96,84,72,60,48,36,24,12,0,1,2,3,4,5,6,7,8,9,10;46,45,57,56,55,54,42,41,40,39,51,63,75,87,99,100,101,102,103;77,78,79,80,92;11,23,22,21,20,19,31,30,29,28,27,26,38,50,62,74,86,98,110,111,112,113,114,115,116,104;53,65,66,67,68,69,81,93,105,117,129,128,127,126,125,124,123;52,64,76,88,89,90,91
12:14,0,22,9;123,111,99,100,88,89,77,65,64,63,51,39,27,15,3,2;112,113,114,115,103,91,79;150,151,152,153,154,142,130,118,106,94,82,70,58,46,34,22;1,0,12,24,36,48,60,72,84,96,108,120,132,144,156,157,158,159,160,161,162,163,164,165,166,167,155,143,131,119,107,95,83,71,59,47,35,23,11,10,9,8,7,6,5,4,16,28,40,52,53;14,26,38,50,62,74,86,98,110,122,134,135,136,124,125,126,127,128,116,104,92,80,68,56,44,32,20,19;30,31,43,55,67,66,78,90,102,101;87,75,76;18,17,29,41,42,54;13,25,37,49,61,73,85,97,109,121,133,145,146,147,148,149,137,138,139,140,141,129,117,105,93,81,69,57,45,33,21
12:14,0,23,9;6,5,17,29,41,53,65,64,76,88,100,112,113,114,115,116,117,105,93,81,69,68,56,44,32,20,21;22,34,33;77,89,101,102,103,104,92,80,79,67,55,43,31,19,7,8,9,10,11,23,35;91,90,78,66,54,42,30,18;155,167,166,165,164,163,162,161,160,159,158,157,156,144,132,120,108,96,84,72,60,48;37,36,24,12,0,1,2,3,4,16,28,40,52,51,63,62,74,86,98,110,122,134,135,136,137,138,139,140,141,129,130,118,106,94,82,70,58,57;39,27,15,14;45,46,47,59,71,83,95,107,119,131,143,142,154,153,152,151,150,149,148,147,146,145,133,121,109,97,85,73,61,49,50,38,26,25,13;128,127,126,125,124,123,111,99,87,75
12:14,0,24,10;47,35,23,11,10,9,8,7,6,5,4,3,15,27;13,25,37,49,50,51,52,53,65,77,76,75,74,73,85;156,157,158,159,160,161,149,150,151,152,153,154,142,130,118,106,94,82,70,58,46,34,22,21,20,19,18,17,16,28,40,39,38,26,14,2,1,0,12,24,36,48;59,71,83,95,107,119,131,143,155,167,166,165,164,163,162;41,29,30,31,32,33,45,57,69,81,93,105,117,129,141,140,139;66,78,90,102,101,100,99,111,110,122;138,137,136,148,147,146,145,144,132;54,55,67,79,91,103,115,114,113,112;64,63,62,61,60,72,84,96,108,120,121,133,134,135,123,124,125,126,127,128,116,104,92,80,68,56,44,43,42;89,88,87,86,98,97,109
12:14,0,25,9;76,75,74,73,85,97,109,121,133,145,146,147,148,149,161,162,163,151,139,127,126,125,113,112;105,117,129,141,153;77,65,64,63,62,61,60,72,84,96,108,120,132,144,156,157,158,159,160;114,115,116,128,140,152,164,165,166,154,142,130,118,106,94,82,70,58,46,34,22,21,20,19,18,17,29,28,27,26;3,2,14,13,25,37,38,39,40,41,42,30,31,32,33,45,57,69,81,93,92,104,103,102,101,100,99,111,123,124;1,0,12,24,36,48,49,50,51,52,53,54,66,78;44,56,68,80;167,155,143,131,119,107,95,83,71,59,47,35,23,11,10,9,8,7,6,5,4,16,15;43,55,67,79,91,90,89,88,87,86,98,110,122,134,135,136,137,138,150
12:14,0,26,8;39,40,41,42,43,44,45,57,69,81,80,79,67,66,65,64,63,62,74,86,98,110,122,123;104,116,115,114,126,138,150,162,161,160,159,158,157,156,144,132,120,108,96,84,72,60,48,36,24,12,0,1,2,3,4,5,6,7,8,9,10,11;167,166,165,164,163,151,139,127,128,129,117,105,93,92;27,26,38,50,51,52,53,54,55,56,68;103,91,90,78,77,76,75,87,99,111,112,124,136,135,134,133,121,109,97,85,73,61,49,37,25,13,14,15,16,17,18,19,20,21,22,23,35,47,59,71,83,95,107,119,131,143,155,154,153,152;140,141,142,130,118,106,94,82,70,58,46,34,33,32,31,30,29,28;145,146,147,148,149,137,125,113,101,102;100,88,89
12:14,0,27,10;48,49,37,25,13,14,2,3,4,5,6,7,8,9,10,11,23,35,34,33,32,31,30,29,28,40,52,64,76,88,87,99;116,115,127,126,138,137,136,135,123,111,112,100,101,89,77,65,53,41;139,140,128;1,0,12,24,36;47,46,45,44,43,42,54,66,78,90,102,103;22,21,20,19,18,17,16,15,27,39,51,63,75,74,86,98,110,122,134;167,155,143,131,119,107,95,83,71,59,58,57,56,55,67,79,91,92,104;26,38,50,62,61,73,85,97,109,121,133,145,146,147,148,149,150,151,152,153,141,129,117,105,93,81,80,68;114,113,125,124;60,72,84,96,108,120,132,144,156,157,158,159,160,161,162,163,164,165,166,154,142,130,118,106,94,82,70,69
12:14,0,28,8;57,58,70,82,94,106,118,130,142,154,153,152,151,150,149,148,147,146,145,133,121,109,97,85,73,61;31,32,33,34,35,23;22,21,20,19,18,17,16,15,14,13,25,37,38,39,51,52,64,76;49,50,62,74,86;111,123,124,125,126,127,128,116,104,92,80,79,67,66,65,53,41,40,28,27,26;63,75,87,88,89,101,102;77,78,90,91,103,115,114,113,112,100,99,98,110,122,134,135,136,137,138,139,140,141,129,117,105,93,81,69,68,56,55,54,42,30,29;43,44,45,46,47,59,71,83,95,107,119,131,143,155,167,166,165,164,163,162,161,160,159,158,157,156,144,132,120,108,96,84,72,60,48,36,24,12,0,1,2,3,4,5,6,7,8,9,10,11
12:14,0,29,11;154,153,152,151,150,138,126,125,113;70,58,46,34,22,23;44,32,31,30,29,28,27,26,38,50;134,135,123,111,99,87,88,89,77,65;79,67,55,43,42,41,40,39,51,63,62;11,10,9,8,7,6,5,4,3,2,1,0,12,24,36,48,60,72,84,96,108,120,132,144,156,157,158,159,160,161,149,137,136,124,112,100,101,102,114,115,127,139,140,141,142;69,57,45,33,21,20,19,18,17,16,15,14,13,25,37,49,61,73,85,97,109;35,47,59,71,83,95,107,119,118,117,105,93,92,91,90,78,66,54,53,52,64,76,75,74;106,94,82,81,80,68,56;103,104,116,128,129,130,131,143,155,167,166,165,164,163,162;86,98,110,122,121,133,145,146,147,148
12:14,0,30,7;123,124,125,126,127,128,116,104,92,80,68,56,44,32,31,30,29,28,27,26,25,24,36,48;146,147,148,149,150,151,152,153,154,142,130,118,106,94,82,70,58,46,34,22,10,9,8,7,6,5,4,3,2,1,0;102,90,78,66,54,42,41,40,39,38,37,49,61,60;85,86,87,75,63,64;76,88,100,99,98,97,109,121,133,145,157,158,159,160,161,162,163,164,165,166,167,155,143,131,119,107,95,83,71,59,47,35,23,11;12,13,14,15,16,17,18,19,20,21,33,45,57,69,81,93,105,117,129,141,140,139,138,137,136,135,134,122,110,111,112,113,114,115,103,91,79,67,55,43;156,144,132,120,108,96,84,72,73,74,62,50,51,52,53,65,77,89,101
12:14,0,121,10;44,56,68,80,92,91,103;106,94,82,70,58,46,34,22,21,20,19,18,17,16,15,14,13,25,37,49,61,73,85,97,109,121,133,145,146,158,159,160,148;79,78,90,89,88,100,112,113,125,126,138,150,162;101,102,114,115,127,139,151;157,156,144,132,120,108,96,84,72,60,48,36,24,12,0,1,2,3,4,5,6,7,8,9,10,11,23,35,47,59,71,83,95,107,119,118,117,129,141;136,124,123,111,99,87,75,76,77,65,66,67,55,43,31,32,33,45,57,69,81,93,105,104,116,128,140,152,153,154,142,130,131;41,40,39,51,50,62,74,86,98,110,122,134,135,147;38,26,27,28,29,30,42,54,53,52,64,63;163,164,165,166,167,155,143;137,149,161
12:14,0,122,12;11,23,22,21,20,19,18,17,29,41,53,52,64,76,88,100;164,165,166,167;68,80,79,78,90,102,114,126,125,137,136,135,134,122,110,98;56,44,45,46,58,70,82,94,106,105,104,116;27,26,38,50,62,61,60;30,42,54,66;57,69,81,93,92,91,103,115,127,128,129,117;67,55,43,31,32,33,34,35,47,59,71,83,95,107;118,130,142,141,140,139,138,150,149,148,147,146,145,133,121,109,97,85,86,87,99,111,123,124;65,77,89,101,113,112;36,24,12,0,1,2,3,4,5,6,7,8,9,10;119,131,143,155,154,153,152,151,163,162,161,160,159,158,157,156,144,132,120,108,96,84,72,73,74,75,63,51,39,40,28,16,15,14,13,25,37,49,48
12:14,0,123,10;14,13,25,37,49,61,73,72,84,96,108,120,132,144,156,157,158,159,160,161,162,163,164,152,153;165,166,154,142,141,140,139,138,137,136,135,134,122,110,98,99,100,112,113,114,115,116,117,118,119,107,95,94,93;7,19,18,17,16,15,27,26,38,50,62,74,86,85,97,109,121,133,145,146,147,148,149,150,151;111,123,124,125,126,127,128,129,130,131,143,155,167;106,105,104,103,102,101,89,88,76,64,65,66,54;87,75,63,51,39,40,28,29,30,31,32,44;52,53,41,42,43,55,56,57,45,33,21;77,78,90,91,92,80,81,82,83,71,59,47,35,23,11,10,9,8,20;60,48,36,24,12,0,1,2,3,4,5,6;79,67,68,69,70,58,46,34,22
12:14,0,124,13;59,47,35,23,11,10,9,8,7,6,5,4,3,2;49,61,73,85,97,109,121,122,123,124;117,116,128,127,126,125,113,101,102,90,78,66,54,55,56;156,144,145,146,147,148,149,150,151,152,153,154,142;45,44,43,42,41,53,65,64,63,51,39,27,26,25,24,12;88,100,112,111,110,98,86,74,62,50,38,37,36,48,60,72,84,96,108,120,132,133,134,135,136,137,138,139,140,141,129,130,118,106,105;99,87,75,76,77,89;93,94,95,107,119,131,143,155,167,166,165,164,163,162,161,160,159,158,157;0,1,13,14,15;114,115,103,91,79,67,68,69,57;83,71,70,58,46,34,33,32,31,30,29,28,40,52;22,21,20,19,18,17,16;104,92,80,81,82
12:14,0,125,14;85,86,87,75,63;28,29,30,31,43,55,67,79,80,92,104,105,117,129,141,140,139,127,126,114,102,101,89,77,65,53,52,51,50,62;13,25,26,27;57,58,70,82,83,95,107,119,131,143,155,167,166,165,164,163,162,161,149,148,147,135,134,122,121,120,132;106,94,93,81,69,68,56,44,32,33;160,159,158,146,145,133;71,59,47,35,23,11,10,9,8,7,6,5,4,3;118,130,142,154,153,152,151,150,138;137,125,113,112;49,37,38,39,40,41,42,54,66,78,90,91,103,115,116,128;144,156,157;136,124,123,111,110,109,108,96,84,72,60,48,36,24,12,0,1,2,14,15,16,17,18,19,20,21,22,34,46,45;74,73,61;64,76,88,100,99,98,97
12:14,0,126,13;154,153,141,129;133,134,135,123,111,110,109,108,96,84,72,60,48,49;77,65,53,52,40,28,29,30,31,32,20,21,22,34,46,58,57,69,81,93,105,117,116,128,140,152,151,150,162,161,160,159,158,157,156,144,132,120,121,122;88,87,86,74,62,50,38,37,36,24,12,0,1,2,3,4,5,6;125,126,127,115,103,104,92,80,68,56,44,45,33;163,164,165,166,167,155,143,142,130,118,106,94,82,70,71,59,47,35,23,11,10,9,8,7,19,18,17,16,15,14;41,42,54,66,78;149,137,138,139;75,76,64;89,101,100,99,98,97,85,73,61;145,146,147,148,136,124,112,113,114,102,90,91,79,67,55,43;83,95,107,119,131;63,51,39,27,26,25,13
12:14,0,127,14;160,159,158,157,156,144,132,133;128,129,117,105,93,81,82;58,46,45,33,21,22;77,89,101,113,125,137,138,150,151,152,153,154;122,110,109,97,85,73;48,60,72,84,96,108,120,121;53,65,64,76,88,100,112,124,136,148,149,161,162,163,164,165,166,167,155,143,131,119,107,95,83,71,59,47,35,34;145,146,147;126,114,102,90,78,66,54,42,41,40,52,51,50,38,26,25,24,12,0,1,2,3,4,5,6,7,8,9,10,11,23;116,104,92,80,68,69,70;39,27,28,29,30,31,43,55,67,79,91,103,115,127,139,140,141,142,130,118,106,94;98,86,74,62,61,49,37,36;134,135,123,111,99,87,75,63;57,56,44,32,20,19,18,17,16,15,14,13
12:14,0,128,13;15,27,26;115,103,91,90,89,88,76,75,63,62,50,49,37,25,13,14;53,54,66;29,30,18,19,20,21,22,34,46,47,59,71,83,95,107,119,131,143,155,167,166,165,164,163,162,161,160,159,158,157,156,144,132,120,108,96;111,112,113;127,128,116,104,92,80,68,69;123,122,110,98,86,74,73,61;44,56,55,67,79,78,77,65,64,52,51,39,38;48,60,72,84,85,97,109,121,133,134,135,136,137,138,139,140,141,129,117,105,93,81;124,125,126,114,102,101,100,99,87;36,24,12,0,1,2,3,4;35,23,11,10,9,8,7,6,5,17,16,28,40,41,42,43,31,32,33,45,57,58,70;82,94,106,118,130,142,154,153,152,151,150,149,148,147,146,145
12:14,0,129,11;58,46,34,22,21,20,32;166,167,155,143,131,119,107,95,83,82,81,80,68,56,44,45,33;63,62,50,38,26,27,28,29,30,42,54,66,65,77,89,90,91,92,93,94;139,138,137,136,135,134,122,110,98,86,74,73,61,49,37,25,13,14,15,16,17,18,19,31,43,55,67,79,78;53,41,40;141,140,152,164;105,104,103,102,101,100,88;151,150,149,148,147,146,145,133,121,109,97,85;106,118,117,116,115,114,113,112;39,51,52,64,76,75,87,99,111,123,124,125,126,127,128,129,130,142,154,153,165;163,162,161,160,159,158,157,156,144,132,120,108,96,84,72,60,48,36,24,12,0,1,2,3,4,5,6,7,8,9,10,11,23,35,47,59,71,70,69,57
12:14,0,130,11;78,90,91;30,31,32,44,45,57,69,81;33,34,22,10,9,8,7,6,5,4,3,2,1,13,25,37,49,61,73,74,75,87,99,111,123,124,125,126,138,139,140,141;0,12,24,36,48,60,72,84,96,108,120,132,144,156,157,158,159;54,53,65,77,89,101,102,103,104,116,117,118,119,131,143,155,167,166,165,164,163,162,161,160,148,147,146,145,133,121,109,97,85,86;98,110,122,134,135,136,137,149,150,151,152,153,154,142,130,129,128,127,115,114,113,112,100,88,76,64,63;62,50,51,39,27,28,29,17,18,19,20,21;66,67,79,80,92,93,105,106,107,95,83,71,59,47,35,23,11;38,26,14,15,16;46,58,70,82,94;68,56,55,43,42,41,40,52
12:14,0,131,12;129,141,140,152,151,150,149,148,147,146,134,122;31,19,18,17,16,15,14,26,38,50,62,74,86;20,21,22,34,46,58,59,71,83,95;166,167,155,143,131,119,107,106,105,104,103,102,101,89,77,65,53,41,40;139,138,137,136,135,123,111,110;156,144,132,120,108,96,84,72,60,48,36,24,12,0,1,2,3,4,5,6,7,8,9,10,11,23,35,47;85,73,61,49,37,25,13;52,64,76,88,100,112,113,114,115,116,117,118,130,142,154,153;128,127,126,125,124;70,69,81,80,79,67,55,43,44,32;33,45,57,56,68;82,94,93,92,91,90,78,66,54,42,30,29,28,27,39,51,63,75,87,99,98,97,109,121,133,145,157,158,159,160,161,162,163,164,165
12:14,0,132,15;122,123,124,125,137,149;23,11,10,9,8,7,6,5,4,3,15;44,56,57,69,81;14,2,1,0,12,24,36,48,60,72,84,96,108,120,132,144,145,146;29,30,31,32,33,45,46,58;65,77,89,90;83,95,107,119,131,143,155,154,153;136,148,160,161,162,150;40,39,51,63,75;115,114,113,112,111,110,109,121,133,134,135,147,159,158,157,156;138,126,127,128,129,117,105,93,92,80,68,67,55,43,42,41,53,52,64,76,88,87,86,74,62,50,38,26,27,28,16,17,18,19,20,21,22,34,35,47;163,151,139;59,71,70,82,94,106,118,130,142,141,140,152,164,165,166,167;116,104,103,91,79,78,66,54;13,25,37,49,61,73,85,97,98,99,100,101,102
12:14,0,133,12;134,122,123,124,136,137;148,149,150,151,152,153,154,142,130,118,106,94,82,70,58,46,34,22;62,50,38,37,25,13,14,15,3;127,128,116,104,92,80,79,67,55,54,42,41,29;17,18,19,20,21,33,45,57,69,81,93,105,117,129,141,140,139,138,126,114,115,103,91,90,78,66,65,53,52,40,28;99,111,110,109,121,133,145,146,147,135;86,98,97,96,108,120,132,144,156,157,158,159,160,161,162,163,164,165,166,167,155,143,131,119,107,95,83,71,59,47,35,23,11,10,9,8,7,6,5,4,16;102,101,89,77,76,64,63,51,39,27,26;32,44,56,68;85,84,72,60;125,113,112,100,88,87,75,74,73,61,49,48,36,24,12,0,1,2;30,31,43
12:14,0,134,14;47,35,23,11,10,9,8,7,6;64,65,53;85,84,96,108,120,132,144,156,157,158,159,160,161,162,163;104,103,102,101,89;142,130,118,106,94,82,81,80,68,56,44,32,33,34,46,58,59,71;26,27,39;83,95,107,119,131,143,155,167,166,165,164,152,140,139,138,137,136,135,134,122,110;3,4,5,17;18,30,29,28,16,15,14,2,1,0,12,24,36,48,60,72,73,74,86,87,99,111,123,124,125,126,127,128,129,141,153,154;90,91,79,67,55,43,31,19,20,21,22;45,57,69,70;49,61,62,63,75,76,88,100,112,113,114,115,116,117,105,93,92;77,78,66,54,42,41,40,52,51,50,38,37,25,13;151,150,149,148,147,146,145,133,121,109,97,98
12:14,0,135,11;115,116,128,140,152,153,154,142,130,118,106,94,93;11,10,9,8,7,6,5,4,3,2,1,0,12,24,25,37,49,61,73,74;113,114,126,127,139,151,163,164,165,166,167,155,143,131,119,107,95,83,71,59,47,35,23,22,21,20,19,18,17,16,15,27;13,14,26,38,39,40,28,29;92,80,81,82,70,58,46,34,33,32,31,30,42,41,53,65,77,76,75,63,62,50;69,57,45,44,43,55,54,66,78;86,85,97,109,121,133,145,146,147,148,149;141,129,117,105,104,103,102,101,100,112,111,123;124,125,137,138,150,162,161,160,159,158,157,156,144,132,120,108,96,84,72,60,48,36;136,135,134,122,110,98,99,87,88,89,90,91,79,67,68,56;51,52,64
12:14,0,136,15;17,16,15,14,13,25;3,4,5,6,7,8,9,10,11,23,35,47,59;113,101,89,77,76,75,63,62;117,118,106,94,82,81,69,57,45,33,32,31,30,29,28,27,26,38;115,114,102,90,78,66;128,116,104,103,91,79,67,55,54,53,65;2,1,0,12,24,36,37;132,144,156;61,73,74,86,98,99,111,123,135;18,19,20,21,22,34,46,58,70,71,83,95,107,119,131,143,142,154,153,152,151,150,138,137;160,159,147,146,134,122,110,109,97,85;136,148,149,161,162,163,164,165,166,167,155;39,40,41,42,43,44,56,68,80,92,93,105;87,88,100,112,124,125,126,127,139,140,141,129,130;64,52,51,50,49,48,60,72,84,96,108,120,121,133,145,157,158
12:14,0,137,14;43,42,54,66,78,90,102,103,115,116,117,105,106,94,82,70,71,59,47,35,23;135,136,137,138,139,140,141;104,92,93,81,69,57,58,46;50,51,63,64,76,88,100,112,111,110,109,121,133,145,157,158,159,160,161,162,163,164,165,166,167,155,143,131,119,107,95,83;52,40,28,27;142,154,153,152,151,150,149,148,147;91,79,80,68;84,72,60,48,36,24,12,0,1,2,3,4,5,6,18,30,31,32,20,21,9;86,85,73,61,49,37,25,13,14,15,16,17,29,41,53,65,77,89,101,113,114,126,127,128,129,130,118;156,144,132,120,108,96,97,98,99,87,75,74,62;39,38,26;67,55,56,44,45,33,34,22,10,11;8,7,19;146,134,122,123,124,125
12:14,0,138,14;144,156,157,158,159,160,148,149,150,151,152;161,162,163,164,165,153,154,142,130,118,106,94,93,81,69,57,45,33,32,20,19,18,17,16,28,40,39,51,50,62,74,86,87,88,89,90,91;120,132,133,145,146,147;38,26,27,15,3,4,5,6,7,8,9,10,11,23,35,47,59,71,83,95,107,119,131,143,155,167,166;21,22,34,46,58,70,82;127,139,138,137,125,124,112;13,25,37,49,61,73,85,97,98,110,111,123,135,136;78,79,67,55;129,117,105,104,92,80,68,56,44,43,31,30,29;141,140,128,116,115,103,102,101,100,99;14,2,1,0,12,24,36,48,60,72,84,96,108,109,121,122,134;75,76,77,65,66,54,42;41,53,52,64,63;126,114,113
12:14,0,139,11;167,166,165,164,163,162,150;136,148,147,146,145,133;159,158,157,156,144,132,120,108,96,84,72,60,48,36,24,12,0,1,2,3,4,5,6,7,8,9,10;80,81,69;55,54,66,65,77;131,143,155,154,153,152,151,139,127,115,103;14,13,25,37,49,61,73,85,97,109,121,122,134,135;119,118,130,142,141,140,128,116,104,92,93,94,82,70,58,57,56,68,67,79,78;35,34,33,32,31,30,29,28,40,39,51,63,75,87,99,100,112;91,90,102,114,126,138,137,149,161,160;11,23,22,21,20,19,18,17,16,15,27,26,38,50,62,74,86,98,110,111,123,124,125,113,101,89,88,76,64,52,53,41,42,43,44,45,46,47,59,71,83,95,107,106,105,117,129
12:14,0,140,12;55,43,44,32,33,34,46,58,70,69,81,93;166,154,142,130,118,106,94,82;15,16,17,18,6,7,8,9,10,11,23,35,47,59,71,83,95,107,119,131,143,155,167;40,28,29,30,31,19,20,21,22;101,89,88,76,64,52;149,148,147,146,145,133,121,109,97,85,73,61,49,48,36,24,12,0;125,124,123,111,99,87,75,63,51,39,27,26,14;5,4,3,2,1,13,25,37,38,50,62,74,86,98,110,122,134,135,136,137,138,150,151,152,153,141,129,117,105,104,92,80,68,56,57,45;165,164,163,162,161,160,159,158,157,156,144,132,120,108,96,84,72,60;113,112,100;140,128,116,115,103,91,79,67,66,54,42,41;139,127,126,114,102,90,78,77,65,53
12:14,0,141,12;145,146,147,148,149,150,151,152,153,154,142,130,118,106,94;102,101,89,77,65;71,59,47,46,45,44;35,34,33;141,129,117,105,93,81,69,68;87,75,63,51,39,40;11,10,9,8,7,6,5,4,16,28,27,26,38,50;67,79,80,92,104,116,128,140,139,138,137,136,135,134,133,132,144,156,157,158,159,160,161,162,163,164,165,166,167,155,143,131,119,107,95,83,82,70,58,57,56;30,42,54,66,78,90,91,103,115,114,113,112,111,110,109,97,85,73,72,60,48,36,24,12,0,1,2,3;84,96,108,120,121,122,123,124,125,126,127;55,43,31,32,20,21,22,23;15,14,13,25,37,49,61,62,74,86,98,99,100,88,76,64,52,53,41,29,17,18,19
12:14,0,142,13;131,143,155,167,166,165,164,163,162,161,149;33,45,46,47;140,128,116,104,92,93,94;82,81,80,79,78,66,54,42,41,40;13,25,37,49,61,62,63,64;147,135,134,122,110,111,112,113,101,89,90,91,103,115,127,139;17,5,4,3,2,1,0,12,24,36,48,60,72,73,74;35,34,22,21,20,32,44,56,57,58,59,71,83,95,107,119,118,130,142,154,153,152,151,150,138,137,136,148,160,159,158,157,156,144,132,120,108,96,84,85,86,87,75;6,18,30,29,28,27,39,51,52,53,65,77,76,88,100,99,98,97,109,121,133,145,146;123,124,125,126,114,102;141,129,117,105,106;16,15,14,26,38,50;70,69,68,67,55,43,31,19,7,8,9,10,11,23
12:14,0,143,10;42,30,18,17,16,15,14,13,25,37,49,61,62;10,11,23,35,34,33,32,20,19,7,6,5,4,3,2,1,0,12,24,36,48,60,72,73,74,75,63,51,50,38,26,27,28,29,41,53,54,55,56,57,69,81,93,105,117,129,141,153,152,151,150,138,137,136,135,134,122,110,111,112,113;22,21,9,8;39,40,52,64,76,77,78,79;31,43,44,45,46,58,70,82,94,106,118,130,142,154;91,90,89,88,87,86,85,84,96,108,120,132,144,156,157,158,159,160;114,115,116,128,140;47,59,71,83,95,107,119,131,143,155,167,166,165,164,163,162,161,149,148,147,146,145,133,121,109,97,98,99,100,101,102,103;104,92,80,68,67,66,65;123,124,125,126,127,139
12:14,0,144,13;165,166,167,155,143,131,119,107,95,83,71,59,47,35,23,11,10,9,8,7,6,5,4;66,65,77,76,75,74,86,98,110,122,134;91,79,78;64,63,62,50,38,26;14,13,25,37,49,61,73,85,97,109,121,133,145,146,147,148,149,150,151,139,140,141,129,117,105,93,92,80,68,69;94,106,118,130,142,154,153,152,164,163,162,161,160,159,158,157,156,144,132,120,108,96,84,72,60,48,36,24,12,0,1,2,3,15,27,39;137,138,126,127,128,116,104,103;115,114,113,125;54,53,41,29,30,31,32,33;81,82,70,58,57,56,55,67;135,123,111,99,87,88,89;42,43,44,45,46,34,22,21,20,19,18,17,16,28,40,52,51;136,124,112,100,101,102,90
12:14,0,145,15;134,122,123,111,112;156,144,132,120,108,96;148,149,137,125,126,114;93,81,80,79,91;22,21,20,19,18,17,16,15,14,13,25,37,49,61,62,63,75,76,88,100,99,98,110;142,141,140;87,86,74,73;113,101,89,77,65,64,52,51,50,38,26;66,78,90,102,103,115;150,151,152,153,154;124,136,135,147,146;28,29,30,31,32,33,34,35,23,11,10,9,8,7,6,5,4,3,2,1,0,12,24,36,48,60,72,84,85,97,109,121,133,145,157,158,159,160,161,162,163,164,165,166,167,155,143,131,130,129,128,127,139,138;105,106,94,82,70,58,57,56,44,43,42,41,40,39,27;45,46,47,59,71,83,95,107,119,118,117,116,104,92;69,68,67,55,54,53
12:14,0,146,13;16,15,14,13;31,19,7,8,9,10;49,37,25,26,27,28;124,123,122,134,146,145,144,132,120,108,96,84,72,60,48,36,24,12,0,1,2,3,4,5,6,18,30,42,43,44,32,20,21,22;61,73,85,97,109,121,133;76,64,52,51;33,45,57,56,55,54,53,65,77,78,79,80,92,104,116;161,162,163,164,165,166,167,155,143,131,119;128,127,115,103,91,90,89,88,87,75,63;156,157,158,159,147,135,136,137,125,113,112,111,110;66,67,68,69,81;160,148,149,150,151,152,153,154,142,130,118,106,107,95,83,71,59,47,35,23,11;34,46,58,70,82,94,93,105,117,129,141,140,139,138,126,114,102,101,100,99,98,86,74,62,50,38,39,40,41,29,17
12:14,0,147,12;93,105,117,129,141,140,139,138,137,125,124,123,135,147,159,158,157,156;78,77,76,75,74,73,85,97,109,121,133;51,39,40,28,29,30,31,32,33;65,66,67,79,91,90,102,101,100,99,111,110,122,134,146,145,144,132;89,88,87,86,98;136,148,160,161,162,163,164,165,166,167,155,143,131,119,107,95,83,71,70,58,46,34,22,21,20,19,18,17,16,15,27,26,38,50,49;103,115,114,113,112;120,108,96,84,72,60,48,36,24,12,0,1;126,127,128,116,104,92,80,81,69,57,45,44,43,42,41,53,52,64,63,62,61;82,94,106,118,130,142,154,153,152,151,150,149;68,56,55,54;37,25,13,14,2,3,4,5,6,7,8,9,10,11,23,35,47,59
12:14,0,148,13;105,117,118,130,142,154;12,0,1,2,3,4,5,6,7,8,20,21,22,23,35,47,46,45,44,43,42,41;165,164,163,162,161,149,148,147,146,134,122,110,98,86,74,62,50,51,39,27,26;166,167,155,143,131,119,107,95,83,82,70,69,68,67,66,78,77,76,88,100,112,113,114,115,116,128,129,141,153,152;106,94,93,92,104,103,102,101,89;38,37,49,61,73,85,97,109,121,133,145;65,53,54,55,56,57,58,59,71;137,136,135,123,111,99,87,75,63,64,52,40,28,29,30,31,32,33,34;160,159,158,157,156,144,132,120,108,96,84,72,60,48,36,24,25,13,14,15,16,17,18,19;11,10,9;90,91,79,80,81;140,139,127;151,150,138,126,125,124
12:14,0,149,14;153,154,142,130,118,106,105,104;7,8,9,10,11,23,35;125,124,123;68,56,55;28,40,52,64,76,75,87,86;61,49,50,38,26,14,2,3,4,5,6,18,19,20,21,22,34,46,47,59,71,83,82;37,25,13,1;67,66,54,42,43,44;41,53,65,77;128,127,139,151,163,162,161,160,159,158,157,156,144,132,120;100,88,89,90,78,79,80,81,69,70;94,95,107,119,131,143,155,167,166,165,164,152,140,141,129,117,116,115,114,126,138,137,136,135,134,122,110,98,97,85,73,74,62,63,51,39,27,15,16,17,29,30,31,32,33,45,57,58;150,149,148,147,146,145,133,121,109,108,96,84,72,60,48,36,24,12,0;93,92,91,103,102,101,113,112,111,99
12:14,0,150,13;162,163,164,152,140,128,116,115,114,113,112;70,82,83;135,134,122;167,155,154,142;11,23,35,47,46,45,44,56,68,67;55,54,66,78,79,80,81,69,57,58,59,71;34,22,10;138,137,136,148,147,146,145,133,121,109,97,85,73,61,49,37,25,13,14,2,3,4;1,0,12,24,36,48,60,72,84,96,108,120,132,144,156,157,158,159,160,161,149,150,151,139,127,126,125,124,123,111,110,98,86,74,62,50,38,26;95,107,119;9,21,33,32,31,43,42,41,53,65,77,89,90,91,92,93,94,106,118,130,131,143;166,165,153,141,129,117,105,104,103,102,101,100,99,87,75,63,51,39,27,15,16,17,5,6,7;8,20,19,18,30,29,28,40,52,64,76,88