6,0,1,5;28,22,16,15,14;25,19,20,21;33,34,35,29;13,7,8,9,10,11,17,23;5,4,3,2,1,0,6,12,18,24,30,31,32,26,27
6,0,2,4;14,20,21,22,28;9,8,7,13,19,25,26,27;3,2,1,0,6,12,18,24,30,31,32,33,34,35,29,23,17,11;15,16,10,4,5
6,0,3,5;14,15,16,22,28;21,20,19,25,24;30,31,32,26,27;13,7,8,9,10,11,17,23,29,35,34,33;5,4,3,2,1,0,6,12,18
6,0,4,4;13,14,8,2,1;30,31,32,33,34,35,29,23,17,11,5,4,3,9,15,21,20,19;7,6,0;12,18,24,25,26,27,28,22,16,10
6,0,5,5;24,25,26,20,14;18,12,6,0,1,2,3,4,5,11,17;19,13,7,8,9,10;15,21,27,28;16,22,23,29,35,34,33,32,31,30
6,0,6,5;21,15,9;10,16,22,28,27;30,24,18,12,6,0,1,2,3,4,5,11,17,23,29,35,34,33,32;26,20,14,8,7;31,25,19,13
6,0,7,4;21,22,16,10,9,8,7,13,19,25;27,28,29,23,17,11,5,4,3,2,1,0,6,12,18,24,30,31;33,34,35;32,26,20,14,15
6,0,8,4;35,29,28,27,26,25,19,13,7,8,9;20,21,22,23,17,11;10,16,15,14;34,33,32,31,30,24,18,12,6,0,1,2,3,4,5
6,0,9,5;6,12,13;0,1,7,8,14;9,10,16,22,28,27,26,25,31;2,3,4,5,11,17,23,29,35,34,33,32;30,24,18,19,20,21,15
6,0,10,6;12,6,0,1,2,3;20,21,15,16;29,35,34,33,32,31,30;18,19,13,7;5,11,17,23,22,28,27,26,25,24;14,8,9,10,4
6,0,11,4;5,4,3,2,1,0,6,12;26,20,14,15,16,22,28,34;21,27,33,32,31,25;30,24,18,19,13,7,8,9,10,11,17,23,29,35
6,0,12,7;6,12,18,24,30,31;2,3,4,5;29,28,22;23,17,11,10,9,8;19,25,26,32;35,34,33,27,21,20;0,1,7,13,14,15,16
6,0,13,5;20,21,27,28,29,23,17,11,5,4,3,2;22,16,10;15,9,8,7,1,0;6,12,18,24,30,31;14,13,19,25,26,32,33,34,35
6,0,14,6;13,7,8,9,10;35,34,33;32,31,25,19,20,21,22,23,17,11,5,4;26,27,28,29;16,15,14;30,24,18,12,6,0,1,2,3
6,0,15,5;32,31,25,19,20,21;26,27,28,22,16,15,14,13;6,12,18,24,30;33,34,35,29,23,17,11,5,4,3,2;10,9,8,7,1,0
6,0,16,4;5,11,17,23,29,35,34,33,32,31;30,24,18,12,6,0,1,2,3,4,10,16,22,21;25,19,13,7,8,9,15;28,27,26,20,14
6,0,17,6;21,15,9,3,2,1,0,6,12,13;29,35,34,33,32,31,30,24,18;4,10,16;22,28,27,26,25,19;20,14,8,7;5,11,17,23
6,0,18,6;20,21,22,16,10,9,3;18,24,30,31,32,33,34;15,14,8,7;26,27,28,29,35;25,19,13,12,6,0,1,2;4,5,11,17,23
6,0,19,6;9,15,14,20;21,22,16;1,0,6,12,18,24,30,31,32,33,34,35;10,11,5;26,25,19,13,7,8,2,3,4;27,28,29,23,17
6,0,20,4;16,10,9,8,2,1,0,6,12;25,26,27,28,22;15,14,13,7;3,4,5,11,17,23,29,35,34,33,32,31,30,24,18,19,20,21
6,0,21,4;14,8,2,1,0;33,34,35,29,23,17,11,5,4,3,9,15,21,20;7,6,12,18,24,30,31,32;13,19,25,26,27,28,22,16,10
6,0,22,5;28,27,26;0,6,12,18,24,30;25,31,32,33,34,35,29,23,17,16,10,9,8,14,20;19,13,7,1,2,3,4,5,11;22,21,15
6,0,23,5;26,27,21,15;5,11,17,16,22,28,34,33,32,31,30,24,18,12,6,0,1,2,3;20,14,8,9,10,4;23,29,35;7,13,19,25
6,0,24,4;21,15,14,13,19;31,32,33,34,35,29,23,17,11,5,4,3,2,1,0;18,12,6,7,8,9,10,16,22,28,27;20,26,25,24,30
6,0,25,4;32,33,34,35;30,31,25,26,27,28,29,23,17,11,5,4,3,2,8,7;1,0,6,12,13,14,15,9;24,18,19,20,21,22,16,10
6,0,26,6;0,6,12,13,14,20,21,22,16,10,11;15,9,8,7,1;5,4,3,2;19,25,26,27,28;18,24,30,31,32,33,34;35,29,23,17
6,0,27,6;17,11,10,9;0,1,2,8,14,15,16;5,4,3;7,13,19,25,26,27,28;20,21,22;23,29,35,34,33,32,31,30,24,18,12,6
6,0,28,6;25,19,18,12,6,0,1,2,3,4;28,27,26,32,31,30,24;16,15,14,13;22,21,20;7,8,9,10;5,11,17,23,29,35,34,33
6,0,29,5;18,24,30,31,32,33,34,35;11,17,23,22,21,20;7,8,9,10;5,4,3,2,1,0,6,12,13,14,15,16;29,28,27,26,25,19
6,0,30,5;1,7,13,19,25;31,32,26,20,14,8,2,3,4,5,11,17,23,29,35;0,6,12,18,24,30;34,33,27,21,15,9;10,16,22,28
6,0,31,6;5,11,17,23,22,28,27,26,25,24;14,20,19;16,15,21;13,7,8,9,10,4;29,35,34,33,32,31,30;18,12,6,0,1,2,3
6,0,32,6;0,6,7,13;12,18,24,30,31,32,26,27,21,15;22,16,10,9;8,14,20,19,25;1,2,3,4,5,11,17,23,29,35;28,34,33
6,0,33,6;0,6,12,18;24,30,31,32,33,34,28,22,21,20,19,13,7;25,26,27;35,29,23,17,16,15,14,8,2,1;4,3,9;5,11,10
6,0,34,6;15,21,20;26,25,19,13,14;5,11,17,23,29,35,34;7,8,9,3;6,0,1,2;4,10,16,22,28,27,33,32,31,30,24,18,12
6,0,35,4;3,2,1,0,6,12,18,24,30,31;7,8,9,15,21,20,26,32,33,34,35,29,23,17,11,5,4;25,19,13,14;27,28,22,16,10
6,0,36,6;9,15,21,27,28,34;19,13,7,8;35,29,23,22,16,10;17,11,5,4,3,2,1,0,6,12,18,24;30,31,32,33;25,26,20,14
6,0,37,5;25,19,13,7,8;32,31,30,24,18,12,6,0,1,2,3,4,10,16,22,28;5,11,17,23;29,35,34,33,27,21,15,9;14,20,26
6,0,38,6;29,23,22,16;10,9,15,21,20,26;25,19,13,7,1,0;17,11,5,4,3,2,8,14;6,12,18,24,30,31,32,33;27,28,34,35
6,0,39,4;28,27,21;25,19,13,7,8,9,10,16,22,23,29;15,14,20,26,32,33,34,35;17,11,5,4,3,2,1,0,6,12,18,24,30,31
6,0,40,6;22,16,10,9,3,2,1,0;35,29,28,27;31,25,19,13,14,8;23,17,11,5,4;15,21,20,26,32,33,34;30,24,18,12,6,7
6,0,41,4;6,7,8,9,10;29,35,34,33,32,31,30,24,18,12;28,27,26,25,19,13,14,15,16,17,11,5,4,3,2,1,0;23,22,21,20
6,0,42,5;9,8,7;33,34,35,29,23,17,11,5;4,3,2,1,0,6,12,18,24,30,31,32;22,21,20;10,16,15,14,13,19,25,26,27,28
6,0,43,4;20,14,8,2;4,3,9,15,21;10,16,22,28,27,26,25,19,13,7;5,11,17,23,29,35,34,33,32,31,30,24,18,12,6,0,1
6,0,44,5;35,34,33,32,31,30,24,18,19,20,21,22,23,17;0,6,12,13,14,15,16,10,11,5;4,3,2,1;29,28,27,26,25;7,8,9
6,0,45,4;21,20,14,8;5,4,10,16,22,28,27,26,25,19,13,7;6,12,18,24,30,31,32,33,34,35,29,23,17,11;0,1,2,3,9,15
6,0,46,6;34,28,27,26,20,14,13;25,19,18,12,6,0,1,2,3,4,5,11;33,32,31,30,24;7,8,9,10,16,17;22,21,15;23,29,35
6,0,47,6;6,0,1,2,3,4,5,11;17,16,10,9;35,34,28,27,26;33,32,31,25,19,20,21,22,23,29;30,24,18,12,13,7;8,14,15
6,0,48,6;13,14,15;35,34,33,32,31,25,19;10,9,8,7;17,23,29,28,27,26,20;21,22,16;30,24,18,12,6,0,1,2,3,4,5,11
6,0,49,3;25,19,13,7,1,2,3,4,5,11,17,23,29;28,22,16,10,9,8,14,20,26,32,31,30,24,18,12,6,0;35,34,33,27,21,15
6,0,50,7;2,1,0,6;28,22,16,15,14;5,4,3;34,35,29,23,17,11,10,9;26,25,31,30;8,7,13,12;24,18,19,20,21,27,33,32
6,0,51,4;0,1,2,3,9,15,21;5,11,17,23,22,28,27,26,25,19,13;20,14,8,7,6,12,18,24,30,31,32,33,34,35,29;4,10,16
6,0,52,5;10,9,8,7,13,19,25,31,30;29,23,22,21,27;24,18,12,6,0,1,2,3,4,5,11,17,16,15,14;35,34,28;33,32,26,20
6,0,53,5;12,6,0,1,2,3,4,5,11,17;16,15,14,13,19,18,24;20,21,22,23,29,35,34,33,32;10,9,8,7;28,27,26,25,31,30
6,0,54,4;34,33,27,26,25,19,13,7;28,22,21,15;20,14,8,9,10,16;32,31,30,24,18,12,6,0,1,2,3,4,5,11,17,23,29,35
6,0,55,5;25,19,20,21;0,6,7,8;5,4,10,16,22,28;11,17,23,29,35,34,33,27,26;1,2,3,9,15,14,13,12,18,24,30,31,32
6,0,56,6;28,29,23;25,19,13,7,1,2,3,4,5,11,17;35,34,33,32,31,30,24,18,12,6,0;8,14,20,26,27;10,16,22;9,15,21
6,0,57,4;18,12,6,0,1,2,3,4,5,11,17,23,29;14,15,21,27,33,34,35;25,19,13,7,8,9,10,16,22,28;20,26,32,31,30,24
6,0,58,5;21,15,9,8,7;19,25,26;18,24,30,31,32,33,34,35,29,23,17,11,5,4,3,2,1,0,6;12,13,14,20;10,16,22,28,27
6,0,59,5;30,24,18,12,6,0,1,2,3,4,5,11,17,23,29,35;34,33,32,31;25,26,20,14,8,9,10,16,22,28;15,21,27;19,13,7
6,0,60,5;30,31,32,26,20,19;25,24,18,12,13,7,8;9,10,16;29,35,34,33,27,21,15,14;28,22,23,17,11,5,4,3,2,1,0,6
6,0,61,5;4,10,16;35,34,33,32,31,30,24,18,12;29,28,27,26,20,14,8;6,0,1,2,3,9,15,21,22,23,17,11,5;25,19,13,7
6,0,62,4;4,10,16,22,21;5,11,17,23;30,24,18,12,6,0,1,2,3,9,15,14,20,26,27,28,29,35;34,33,32,31,25,19,13,7,8
6,0,63,5;35,34,28,22,16;6,12,18;5,4,3,2,8,14,20,26,32,31,30;33,27,21,15,9,10,11,17,23,29;0,1,7,13,19,25,24
6,0,64,5;15,21,20,26,32,33,34,35,29,23,17,11,5,4;30,31,25,19;8,14,13,12,18,24;0,6,7;1,2,3,9,10,16,22,28,27
6,0,65,3;0,1,7,8,9,15,21,20,19,18,24,30,31,32,33,34,35,29,23,17,11,5;14,13,12,6;25,26,27,28,22,16,10,4,3,2
6,0,66,5;10,9,15;8,2,3,4,5,11,17,23,29,35,34,33,32,31,30,24;14,13,7,1,0;28,27,26,25,19,18,12,6;16,22,21,20
6,0,67,6;8,2,3,4,5,11,17,23,29,35,34,33,32,31,30,24,18;6,12,13,14,15;0,1,7;26,27,28;25,19,20,21,22;9,10,16
6,0,68,4;6,7,8,14,15,21,27,26,25;12,13,19,20;18,24,30,31,32,33,34,28,22,16,10,9;35,29,23,17,11,5,4,3,2,1,0
6,0,69,4;25,26,27,28,22,16,10,9,8,2,1,0;3,4,5,11,17,23,29,35,34,33,32,31,30,24;6,7,13,14,15;12,18,19,20,21
6,0,70,5;9,10,11;27,26,25,19,13,7;15,16,17,23;8,14,20,21,22,28,29,35;34,33,32,31,30,24,18,12,6,0,1,2,3,4,5
6,0,71,3;20,21,15,9,3;0,1,2,8,14,13,19,25,26,27,28,22,16,10,4;5,11,17,23,29,35,34,33,32,31,30,24,18,12,6,7
6,0,72,6;7,6,12,18,24,30,31,32,33,34,35,29,23,17,11;10,9,8,14;5,4,3,2,1,0;28,22,16;25,26,27,21,15;20,19,13
6,0,73,4;15,21,20,19,18;30,24,25,26,27,28,22,16,10,9,8,14;31,32,33,34,35,29,23,17,11,5,4,3,2,1,7,13;12,6,0
6,0,74,4;7,13,19,25,31,32;33,34,28,22,16,10,9,8,14,20,26;35,29,23,17,11,5,4,3,2,1,0,6,12,18,24,30;15,21,27
6,0,75,4;21,20,19,18,24,30,31,32,33,34,35,29,23,17,11,5;15,14,8,7;25,26,27,28,22,16,10,4;9,3,2,1,0,6,12,13
6,0,76,5;19,20,21;17,11,5,4,3,2,1,0;30,31,32,33,34,35,29,23,22,16,15,14,13;6,7,8,9,10;12,18,24,25,26,27,28
6,0,77,6;22,21,20,19;28,27,26;30,24,18,12;7,8,9,10;16,15,14,13;6,0,1,2,3,4,5,11,17,23,29,35,34,33,32,31,25
6,0,78,6;6,12,18,24,30;27,21,15;13,19,25,31;14,20,26,32,33;28,22,16,10,9,8,7,1,0;2,3,4,5,11,17,23,29,35,34
6,0,79,5;9,10,11,17,23,29,35,34,33,32,31,30,24,18,12,6,0;1,2,8,14,15,16;28,27,26,25;3,4,5;22,21,20,19,13,7
6,0,80,4;20,26,32,31,30,24,18,12;15,14,13,19,25;21,27,33,34,35,29,23,17,11,5,4,3,2,1,0,6;7,8,9,10,16,22,28
6,0,81,5;25,24,18,12,6,0,1,2,3,4,5,11,17,23;29,28,22,16,15,14;30,31,32,26,27;35,34,33;21,20,19,13,7,8,9,10
6,0,82,4;30,24,18,12,6,0,1,2,3,4,5,11;14,20,26,27,28,29,35;34,33,32,31,25,19,13,7,8,9,10,16;17,23,22,21,15
6,0,83,6;14,20,19,25;11,10,16,22,28,27,26;7,8,9,15,21;32,33,34,35,29,23,17;5,4,3,2,1,0,6,12,13;31,30,24,18
6,0,84,5;5,11,17,16,15,14,13,19,25,26,27,28,34,35;6,0,1,2,3;29,23,22,21,20;33,32,31,30,24,18,12;7,8,9,10,4
6,0,85,5;24,30,31,32,33,34,35,29,23;10,9,15,21;11,5,4,3,2,8;17,16,22,28,27,26,20,14,13,7;25,19,18,12,6,0,1
6,0,86,6;19,18,12,6,0;5,4,3,2,8;31,32,33,34,35,29,23,17,11;27,28,22,16;1,7,13,14,20,26,25,24,30;21,15,9,10
6,0,87,6;12,6,0,1,2,3;31,32,33,34,28,22,16,10,4;5,11,17,23,29,35;13,7,8,9,15,21,27;25,26,20,14;19,18,24,30
6,0,88,5;13,7,8,9,10,16,22,28;15,21,27,33,34,35,29,23,17,11,5;19,25,24,30;4,3,2,1,0,6,12,18;14,20,26,32,31
6,0,89,5;28,22,16,10,4,3,2,8,7;13,19,25;9,15,21,27,33;1,0,6,12,18,24,30,31,32,26,20,14;34,35,29,23,17,11,5
6,0,90,6;6,0,1,2,8;3,4,5,11,17,23,29,28;35,34,33,32,31,30,24,18,12,13,7;25,26,27;16,22,21,20,19;10,9,15,14
6,0,91,6;9,15,21,27,33,34,35,29,23,17,11,5;7,13,14;8,2,3,4,10,16,22,28;26,32,31;20,19,18,12,6,0,1;30,24,25
6,0,92,4;30,24,25,26,27,28,22,16,10,9,8,7,6,0;12,13,14,15,21;20,19,18;31,32,33,34,35,29,23,17,11,5,4,3,2,1
6,0,93,4;35,34,33,32,31,25,19,13,7,8;28,29,23,17,11,5,4;30,24,18,12,6,0,1,2,3,9,15,14,20;10,16,22,21,27,26
6,0,94,5;14,15,16,17,11,5,4,3,2,1,0,6;34,28,27,26,25,19,13;35,29,23,22,21,20;10,9,8,7;12,18,24,30,31,32,33
6,0,95,4;30,31,25;24,18,19,20,26,27,28,22,16,10,9,8,7,6,0;21,15,14,13,12;1,2,3,4,5,11,17,23,29,35,34,33,32
6,0,96,5;33,34,35,29,23,17;11,10,9,8,14,20,21;28,22,16,15;27,26,32,31,30,24,18,12,6,0,1,2,3,4,5;7,13,19,25
6,0,97,7;1,2,8,14;5,11,10,16,22;17,23,29,35,34,33;31,30,24,18,12;25,19,13,7,6,0;32,26,27,28;4,3,9,15,21,20
6,0,98,4;4,10,16,15;29,28,27,26,25,19,13;35,34,33,32,31,30,24,18,12,6,0,1,2,3,9;5,11,17,23,22,21,20,14,8,7
6,0,99,6;35,29,28,27,21,15,14;17,11,5,4;8,7,13,19,25,31,30;20,26,32,33,34;23,22,16,10,9,3;2,1,0,6,12,18,24
6,0,100,5;19,20,14;1,0,6;23,29,35,34,33,32,31,30,24,18,12,13,7,8,2;17,11,5,4,3,9,15,21,27,26,25;28,22,16,10
6,0,101,6;20,14,15,9,10,11;5,4,3,2,1,0,6,12,18,24,30,31,32,33;27,26,25;35,29,23,17,16;34,28,22,21;19,13,7,8
6,0,102,5;23,29,28;25,19,13,7,8,9,10;22,21,27,33,34,35;32,26,20,14,15;31,30,24,18,12,6,0,1,2,3,4,5,11,17,16
6,0,103,3;4,10,16,22,28,27,26,20,14,8,2,1,0,6,12,18,24,30;7,13,19,25,31,32,33,34,35,29,23,17,11,5;3,9,15,21
6,0,104,5;35,34,33,32,31,30,24,18,12,6,0,1,2;15,16,10,4,5;11,17,23,29;28,22,21,20,14,8,9,3;27,26,25,19,13,7
6,0,105,4;35,34,33,27,21;5,4,3,2,1,0,6,12,18,24;29,23,17,11,10,9,8,7,13,19,25,31,30;32,26,20,14,15,16,22,28
6,0,106,5;32,26,27,28,22,16,15,14,13,12,18,24,30;31,25,19,20,21;6,7,8,9,10;0,1,2,3,4,5,11,17;33,34,35,29,23
6,0,107,5;15,21,22,23;28,27,26,20,14;29,35,34,33,32,31,25,19,13,7;8,9,10,16;30,24,18,12,6,0,1,2,3,4,5,11,17
6,0,108,7;32,33,27,28;10,9,3,2;0,6,12,13,19,25;26,20,14,8,7,1;18,24,30,31;21,15,16,17,11,5,4;22,23,29,35,34
6,0,109,4;25,19,13,14;34,35,29,23,17,11,5,4,3,2,1,7;15,21,20,26,32,31,30,24,18,12,6,0;8,9,10,16,22,28,27,33
6,0,110,5;1,7,13;4,10,16,22,28,34,33,32,31,30,24;0,6,12,18,19,20,14,8,2;5,11,17,23,29,35;25,26,27,21,15,9,3
6,0,111,3;23,22,21;10,9,8,7,13,19,25,31,32,33,34,35;29,28,27,26,20,14,15,16,17,11,5,4,3,2,1,0,6,12,18,24,30
6,0,112,5;27,26,25,19,13,7,8;23,29,35,34,33,32,31,30,24,18,12,6,0,1,2,3;14,20,21,22,28;16,17,11,5,4;10,9,15
6,0,113,5;33,27,21,15;34,28,22,16,17,11,5,4,3,2,1,0;35,29,23;7,13,19,25;10,9,8,14,20,26,32,31,30,24,18,12,6
6,0,114,4;7,8,9,10,16,22;12,6,0,1,2,3,4,5,11,17,23,29,35,34,33,32,31,30;20,26,25;28,27,21,15,14,13,19,18,24
6,0,115,4;20,26,32,31,30,24,18,12,6,0,1,2,3,4,5,11,17,23,29,35;33,27,21,15,14,8;34,28,22,16,10,9;7,13,19,25
6,0,116,6;17,23,29,35,34,33,32,31,25;30,24,18,19,20,21;5,4,3,2,1;7,8,9,10,11;13,14,15,16,22,28,27,26;0,6,12
6,0,117,4;27,28,22,16,10,9,8,7;31,25,19,13,14,15;33,34,35,29,23,17,11,5,4,3,2,1,0,6,12,18,24,30;32,26,20,21
6,0,118,5;17,23,29,35,34,33;25,19,20,21,22;5,11,10,16,15,14,13,12,18,24,30,31,32,26,27,28;6,0,1,2;4,3,9,8,7
6,0,119,5;13,14,15,21;0,1,2,3,4,5,11,17,23,29,35,34,33,32,31,30;12,6,7,8,9,10,16,22,28,27;24,25,26;20,19,18
6,0,120,4;23,29,35,34,33,32,31,30,24,18,12,6,0;10,9,15;8,14,20,21,22,16,17;28,27,26,25,19,13,7,1,2,3,4,5,11
6,0,121,6;30,31,32,33,34,35,29,23,17;6,0,1,2,8,14,20,19;4,3,9,15,21,22;28,27,26,25;24,18,12,13,7;5,11,10,16
6,0,122,5;0,6,12,18,24,30,31,32;28,22,16,15,14;10,9,8,7,13,19,25,26;27,21,20;33,34,35,29,23,17,11,5,4,3,2,1
6,0,123,5;10,16,15,14,20,26,32,33,34;21,22,23,17,11,5;24,18,12,6,0,1,2;35,29,28,27;4,3,9,8,7,13,19,25,31,30
6,0,124,5;27,33,32,31,30,24,18,12,6,7;20,26,25;19,13,14,15,21;0,1,2,3,4,5,11,17,23,29,35;8,9,10,16,22,28,34
6,0,125,5;28,22,16,10,9,8;34,35,29,23,17,11,5,4,3,2,1,0,6,12,18;7,13,14,15;30,31,32,26;33,27,21,20,19,25,24
6,0,126,5;14,8,2,3,4,5,11;7,13,19,25,26,27,28;1,0,6,12,18,24,30,31,32,33,34,35,29,23,17;10,9,15;16,22,21,20
6,0,127,5;24,18,12,6,0,1;14,15,21,27,33,34,35,29,23,17,11,5,4;30,31,32,26,20;28,22,16,10,9;3,2,8,7,13,19,25
6,0,128,5;0,1,2,8,14,20,26,32,31,30,24,18,12;27,21,15,9,10;6,7,13,19,25;16,22,28,34,33;3,4,5,11,17,23,29,35
6,0,129,5;34,35,29,23,17,11,5,4,3,9;28,22,16,10;33,27,21,15;1,2,8,14,20,26,32,31,30,24,18,12;0,6,7,13,19,25
6,0,130,4;24,30,31,32,26;28,22,16,15,14,20,19,25;6,0,1,2,3,4,5;21,27,33,34,35,29,23,17,11,10,9,8,7,13,12,18
6,0,131,6;14,20,21,22,16,17,11;28,27,26,25,19;6,0,1,2,3,4,5;12,13,7,8;23,29,35,34,33,32,31,30,24,18;10,9,15
6,0,132,4;5,4,10;3,9,15,16;21,20,14,8,2,1,0,6,12,18,24,30,31,32,33,34,35,29,23,17,11;22,28,27,26,25,19,13,7
6,0,133,6;28,22,21,15,14,8,2;9,10,16;27,26,25;23,29,35,34,33,32,31,30,24,18,12,6,0,1;20,19,13,7;3,4,5,11,17
6,0,134,6;28,22,16,10,9,3;7,8,14;18,24,30,31,32,33,34,35,29,23,17,11,5,4;12,13,19,25,26,27;2,1,0,6;20,21,15
6,0,135,4;28,27,26,25,24,18;30,31,32,33,34,35,29,23,17,11,5,4,3,2,1,0,6,12;13,14,15;19,20,21,22,16,10,9,8,7
6,0,136,4;31,32,33,27,21,15,14,13,7,1,2,3,4,5,11,17,23,29,35;0,6,12,18,19,20;30,24,25,26;34,28,22,16,10,9,8
6,0,137,5;30,31,25,19,13,14,15,16,10,4,3,2,1,0;5,11,17,23,22,21;35,29,28,27;20,26,32,33,34;24,18,12,6,7,8,9
6,0,138,5;25,19,13,7,8,9,10,11,5;29,23,17,16,15,14,20,26;22,21,27,33,32;28,34,35;31,30,24,18,12,6,0,1,2,3,4
6,0,139,5;14,8,7,6,12,18,24,30,31,32,33,34,35,29,23,17,11,5,4;13,19,25,26;2,1,0;20,21,15;27,28,22,16,10,9,3
6,0,140,7;28,22,21,20;0,1,7,8,9,10;14,15,16;33,27,26,25;2,3,4,5,11,17,23,29,35,34;32,31,30,24,18,19;13,12,6
6,0,141,4;5,4,10,16,22,28;7,8,14,20,26,27,33,34,35,29,23,17,11;32,31,30,24,18,12,6,0,1,2,3,9,15,21;25,19,13
6,0,142,5;16,15,14,13,12,18,24,30;19,20,21,22,28;1,2,3,4,5,11,17,23,29,35,34,33,32,31;27,26,25;0,6,7,8,9,10
6,0,143,6;13,19,25,31,30;35,29,23,17,11,5;7,8,14,20,26,32,33,34;21,27,28;22,16,10,4;15,9,3,2,1,0,6,12,18,24
6,0,144,6;6,0,1,2,3,9,10;4,5,11;25,26,27,28,22,23;29,35,34,33,32,31,30,24,18;21,20,19,13,12;17,16,15,14,8,7
6,0,145,5;10,16,15,14;25,26,20,21,22,23,17,11,5;28,27,33,32,31,30,24,18,12,6,0,1,2;34,35,29;4,3,9,8,7,13,19
6,0,146,5;35,29,23,17,11,5,4,3,2;0,6,12;13,19,18,24,30,31,32,33,34,28,22,16,10,9;20,26,25;27,21,15,14,8,7,1
6,0,147,4;29,23,22,21,20,19,25;10,9,8,7,6,0;35,34,33;28,27,26,32,31,30,24,18,12,13,14,15,16,17,11,5,4,3,2,1
6,0,148,4;7,13,19,25,26,27,28;1,0,6,12,18,24,30,31,32,33,34,35,29,23,22,16,15;17,11,10,9;5,4,3,2,8,14,20,21
6,0,149,5;11,10,16,22;31,30,24,18,12,6,0,1,2,3,4,5;20,21,27,28,29,23,17;7,8,9;35,34,33,32,26,25,19,13,14,15
6,0,150,6;10,9,3;1,0,6,12,18,24,25,26;23,17,11,5,4;29,35,34,33,32,31,30;2,8,14,15,16,22,28,27;7,13,19,20,21
6,1,1,5;26,25,19;14,13,7,1,0;16,22,28,27;8,2,3,4,5;6,12,18,24,30,31,32,33,34,35,29,23,17,11,10,9,15,21,20
6,1,2,6;5,11,10;31,32,33,34,35,29,23,17;22,21,20,14,13,7;16,15,9,3,4;28,27,26,25,24,30;19,18,12,6,0,1,2,8
6,1,3,5;19,25,26;35,34,33,32,31,30,24,18,12,6,0,1,2,3,4,10;28,22,16,15,9,8;7,13,14,20,21,27;29,23,17,11,5
6,1,4,4;21,22,16;5,11,10,9,15,14,20,26,27,28;17,23,29,35,34,33,32,31,30,24,18,12,6,0,1;4,3,2,8,7,13,19,25
6,1,5,5;7,8,9,15,16,22,28;33,32,26,25,19,18,12,6,0,1,2,3,4,5;10,11,17,23,29,35,34;24,30,31;27,21,20,14,13
6,1,6,4;16,10,4;35,29,28,27,26,25,19,13,7;5,11,17,23,22,21,20,14,8,2,1,0,6,12,18,24,30,31,32,33,34;15,9,3
6,1,7,6;26,27,28,29,35;17,23,22,21;1,0,6;4,3,2,8,7,13,12,18,24,30;34,33,32,31,25,19,20,14,15,9;16,10,11,5
6,1,8,5;10,9,8;19,18,12,6,0,1,2,3,4,5,11;7,13,14,15,16,17,23,29,35,34;30,24,25,26,20,21,22;28,27,33,32,31
6,1,9,5;20,26,32,31,30,24;25,19,18,12;1,2,8,9,10,16,17,23,29,35,34,33,27;3,4,5,11;28,22,21,15,14,13,7,6,0
6,1,10,5;9,8,7,1,0;25,26,20,21,15;10,16,22,28,27;14,13,19;2,3,4,5,11,17,23,29,35,34,33,32,31,30,24,18,12,6
6,1,11,5;25,26,27,28,22,16,10,9;8,14,15,21;31,32,33;30,24,18,12,6,0,1,2,3,4,5,11,17,23,29,35,34;20,19,13,7
6,1,12,6;13,14,8,9;0,1,2,3,4,5,11,17,23,22;34,33,27,26,25,19,18,12,6,7;28,29,35;24,30,31,32;10,16,15,21,20
6,9,2,6;31,32,33,34,35,29,23,17,11,5,4,3,9,15,21;10,16,22,28;27,26,25,24,30;2,1,7,13,19;20,14,8;0,6,12,18
6,9,6,6;33,34,28;35,29,23,17,16;8,14,20;25,19,13,7,1,2,3,4,5;0,6,12,18,24,30,31,32,26,27;22,21,15,9,10,11
6,15,1,5;12,13,7,8;16,22,28,34,33,32,31;6,0,1,2,3,4,5,11,17,23,29,35;10,9,15,14,20,19,18;21,27,26,25,24,30
6,15,7,4;34,35,29,23,22,21,15;16,17,11,5,4,3,2,1,7,13,19;0,6,12,18,24,30,31,32,33,27,28;10,9,8,14,20,26,25
6,16,2,5;9,10,11,17,23;5,4,3,2,1,0,6,12,18,24,30,31,32,26;20,21,27,33,34,35,29;8,14,15,16,22,28;25,19,13,7
6,16,8,4;10,9,8,7,13,19,25,26,27,33,34,35,29;23,17,16,15,14,20;32,31,30,24,18,12,6,0,1,2,3,4,5,11;21,22,28
6,17,4,6;34,28,27,26,25,19;15,14,13;20,21,22,16;3,2,1,0,6,12,18,24,30,31,32,33;35,29,23,17,11;7,8,9,10,4,5
6,17,6,4;35,29,23,17;16,10,9,8,7,13,19,25,26,27,21;11,5,4,3,2,1,0,6,12,18,24,30,31,32,33,34,28,22;15,14,20
6,18,1,4;6,7,8,9,10,16,22,28;0,1,2,3,4,5,11,17,23,29,35,34,33,32,31;20,19,18,12;13,14,15,21,27,26,25,24,30
6,18,5,5;31,30,24,18,12,6,0,1,2,3,4;28,22,16,15;10,9,8,14,20,21;5,11,17,23,29,35,34,33,27;7,13,19,25,26,32
6,18,9,5;27,26,25,19,13,7,1,2,3;0,6,12,18,24,30,31,32,33,34,28,22,21,15,9,10,4;8,14,20;16,17,11,5;35,29,23
6,19,1,5;25,19,13,14,15;0,1,2,3,4,5,11,17,23,29,35,34;22,28,27,33;16,10,9,8,7,6,12,18,24,30;31,32,26,20,21
6,19,2,4;28,27,21,15,9,8,7,6;19,25,31;22,16,10;30,24,18,12,13,14,20,26,32,33,34,35,29,23,17,11,5,4,3,2,1,0
6,19,3,4;4,5,11,17,23,29,35,34,33,32,31,30;1,7,13,19,20,21;15,14,8,2;0,6,12,18,24,25,26,27,28,22,16,10,9,3
6,19,4,5;25,26,27,28;32,33,34,35,29,23,22,21,15,14,13,12,6,0,1,2,3,4;10,9,8,7;20,19,18,24,30,31;16,17,11,5
6,19,5,6;7,8,9,3,4;5,11,10,16,15,21,20;6,0,1,2;17,23,22,28;29,35,34,33,32,31,30,24,18,12;14,13,19,25,26,27
6,19,6,4;16,15,9,8,7,13,19,25,26,32,33,34,35,29;10,4,3,2,1,0,6,12,18,24,30,31;14,20,21,27;28,22,23,17,11,5
6,19,7,4;14,15,16,22,28,27;10,9,8,7,13,19,20,21;25,26,32,33,34,35,29,23,17;11,5,4,3,2,1,0,6,12,18,24,30,31
6,19,8,5;35,29,23,22,21,20,14,8,7;5,4,3,9,15,16;34,28,27,26,25,19,13,12,6,0,1,2;33,32,31,30,24,18;10,11,17
6,19,9,5;0,1,2,3,4,5;6,7,8,14;18,24,30,31,32,33,34,35,29,23,17,11;15,21,20,19,13,12;9,10,16,22,28,27,26,25
6,19,10,4;7,13,19,25;24,30,31,32,26,20,14,8,9,10;29,35,34,33,27,21,15,16,17,11,5,4,3,2,1,0,6,12,18;28,22,23
6,24,2,4;25,26,27,28,22,16,10;21,15,9,8,7;32,33,34,35,29,23,17,11,5,4,3,2,1,0,6,12,13,14,20;31,30,24,18,19
6,24,5,4;35,34,33,32,31,30,24,18,12,6,0,1,2,3,4,5;27,26,25,19,13,14,15,16;20,21,22,28;7,8,9,10,11,17,23,29
6,24,8,5;34,28,22,21,20;35,29,23,17,16,15,14,13,19,25,26,27,33;0,1,2,3,4,5;11,10,9,8,7;6,12,18,24,30,31,32
6,24,11,6;35,29,28,22,21,20,14,8,9;23,17,16,15;4,3,2,1,0,6,12,18,24,30,31;7,13,19,25,26,32;27,33,34;5,11,10
6,27,3,6;18,24,30,31,32;10,9,8,7;19,25,26,27,33,34;16,15,14,20;35,29,23,17,11,5,4,3,2,1,0,6,12,13;28,22,21
6,27,4,6;8,7,13,19,25;17,16,10;28,29,23;9,15,14,20;33,34,35;11,5,4,3,2,1,0,6,12,18,24,30,31,32,26,27,21,22
6,28,3,5;7,8,14,20;30,24,18,19,13;16,22,28,27,26,25;21,15,9,10;12,6,0,1,2,3,4,5,11,17,23,29,35,34,33,32,31
6,28,4,6;35,29,23,17,11,5,4,3;16,10,9,8,14;15,21,27,26,25;7,13,19,20;34,28,22;2,1,0,6,12,18,24,30,31,32,33
6,29,4,4;10,9,8,7,13,19,25,24;21,27,33;35,29,23,17,11,5,4,3,2,1,0,6,12,18;30,31,32,26,20,14,15,16,22,28,34
6,29,5,5;5,11,17,16,15;35,29,23,22,21,20,14;4,10,9,8,7;3,2,1,0,6,12,18,24,30,31,32,33,34;13,19,25,26,27,28
6,29,6,4;0,6,12,18,24,30;20,19,25;33,34,35,29,23,17,11,5,4,3,2,1,7,13,14,15,21;31,32,26,27,28,22,16,10,9,8
6,31,1,4;19,13,7,1,2,3,4,5;20,14,8,9,10,11;22,28,27,26,25,24,18,12,6,0;30,31,32,33,34,35,29,23,17,16,15,21
6,31,3,5;15,21,27;2,3,4,5,11,17,23,29,35;20,19,13,7;1,0,6,12,18,24,25,26;14,8,9,10,16,22,28,34,33,32,31,30
6,31,4,3;0,1,7,13,19,20,21,15,9,10,11,17,23,29,35,34,33,32,31,30;14,8,2,3,4,5;16,22,28,27,26,25,24,18,12,6
6,36,2,5;16,10,9,8,7;20,26,27,28;24,30,31,32,33,34;35,29,23,17,11,5,4,3,2,1,0,6,12,18,19,25;22,21,15,14,13
6,36,6,7;24,25,26,20,14;9,15,21,27,28,34;1,0,6,12;16,17,11,5;22,23,29,35;30,31,32,33;18,19,13,7,8,2,3,4,10
6,38,1,6;9,10,16,22,28;25,19,13,7,1;27,33,34,35,29,23,17,11,5,4,3;15,21,20,26,32,31,30,24,18;14,8,2;0,6,12
6,39,1,4;8,2,1,0,6,12,18,24,30,31,32,33,34,35;17,11,5,4,3,9,15,14,20;23,29,28,27,26,25,19,13,7;10,16,22,21
6,39,3,4;10,9,8,7;11,17,16,22,28,27,26,25;5,4,3,2,1,0,6,12,13,14,15,21;20,19,18,24,30,31,32,33,34,35,29,23
6,39,5,6;34,33,32,31,30,24,18,19,20,14,15;28,29,35;12,6,0,1;3,9,10,16;13,7,8,2;4,5,11,17,23,22,21,27,26,25
6,39,7,4;32,33,34,35,29,23,22,16,15,14,20;10,9,8,7,13,19,25,26;17,11,5,4,3,2,1,0,6,12,18,24,30,31;21,27,28
6,39,9,5;19,13,7,1;21,20,26,25,24,18,12,6,0;9,10,11,17,23,29,35,34;2,8,14,15,16,22,28,27,33,32,31,30;3,4,5
6,43,1,6;9,8,7;25,26,20;34,35,29,23,17,11,5,4;28,22,16,10;3,2,1,0,6,12,18,24,30,31,32,33;19,13,14,15,21,27
6,43,2,4;5,4,3;9,10,11,17,23,29,35,34,33,32,31,30,24,18,12;0,1,2,8,14,20,21;15,16,22,28,27,26,25,19,13,7,6
6,43,3,6;18,12,13,7,8,9,3;21,27,26,25;4,10,16,15,14,20,19;22,28,34,33,32,31,30,24;5,11,17,23,29,35;6,0,1,2
6,43,4,4;20,21,27;33,34,35,29,23,17,11,5,4,3,2,1,0;10,9,8,7,6,12,18,24,30,31,32,26;28,22,16,15,14,13,19,25
6,43,5,5;13,14,15,21,27;30,24,18,19,20;28,22,16,10,9,8,7,6,12;0,1,2,3,4,5,11,17,23,29,35,34,33,32;26,25,31
6,43,6,4;26,25,19,13,7;15,9,3,4,5;10,11,17,23,29,28,27;16,22,21,20,14,8,2,1,0,6,12,18,24,30,31,32,33,34,35
6,43,7,5;24,30,31,32,33,34,28;27,26,25;10,9,8,7;35,29,23,22,21,20,19,18,12,6;0,1,2,3,4,5,11,17,16,15,14,13
6,43,8,5;16,15,14,20,19;35,29,23;6,0,1,2,3,4,5,11,17;30,31,32,33,34,28,22;21,27,26,25,24,18,12,13,7,8,9,10
6,43,9,5;11,5,4,3,2,1,0,6,12,18;10,9,8,7;28,22,21,20,26,25,24;19,13,14,15,16,17,23,29,35,34,33,27;30,31,32
6,43,10,5;21,22,23,29,35,34,33,32,31;28,27,26,20;30,24,18,12,6,7;0,1,2,3,4,5,11,17,16,15,14,13,19,25;10,9,8
6,43,11,5;10,16,15,14,13;3,2,1,0;31,32,33,34,35,29,23,17,11,5,4;9,8,7,6,12,18,19,20,21,22,28;30,24,25,26,27
6,43,12,5;8,9,10,16;27,26,20,14,15;21,22,28;2,3,4,5,11,17,23,29,35,34,33,32,31,25,19,13,7;30,24,18,12,6,0,1
6,52,3,5;29,23,17;11,5,4,3,2,1,0,6,12,18,24,30,31,32,33,34,35;10,9,8,7,13;28,22,16,15,14,20,19;25,26,27,21
6,52,4,6;9,15,14,20,19;29,28,22,16,10,4,3,2;25,26,27,21;8,7,13;1,0,6,12,18,24,30,31,32,33,34,35;23,17,11,5
6,56,5,4;22,21,20;5,11,17,23,29,28,27,26,25,19,13,7,8;9,3,2,1,0,6,12,18,24,30,31,32,33,34,35;14,15,16,10,4
6,57,2,4;10,16,22,28,27,26,25,19,13;23,29,35,34,33,32,31,30,24,18,12,6,0,1,2;17,11,5,4,3,9,15,21;20,14,8,7
6,57,8,4;20,14,13;19,25,26,27,28,22,16,10,4,3,2;21,15,9,8,7;1,0,6,12,18,24,30,31,32,33,34,35,29,23,17,11,5
6,59,1,5;13,7,1;24,30,31,32,33,34,35,29,23,22,16,10;25,19,18,12,6,0;17,11,5,4,3,2,8,14,20,26;28,27,21,15,9
6,59,5,5;35,34,33,32,31,30,24,18,19,20,21,15,9,8,7;5,11,17,23,29,28,27,26,25;22,16,10;4,3,2,1;0,6,12,13,14
6,60,2,5;19,20,21,22;11,5,4,3,2,1,0;10,9,15,14,13;35,34,33,32,31,30,24,18,12,6,7,8;16,17,23,29,28,27,26,25
6,60,5,4;28,22,16,10,9,8,7;12,6,0,1,2,3,4,5,11,17,23,29,35,34,33,32,31,30;25,26,27,21,15,14,13;24,18,19,20
6,60,8,4;24,18,12,6,0,1,2,3,4,5,11,17,23,29,35;20,26,32,33,34,28,22;27,21,15,14;30,31,25,19,13,7,8,9,10,16
6,60,11,4;11,5,4,3,2,1,0,6,12,18,24,30,31,32;25,19,13,7,8,9,10,16,17,23,29,35;34,28,22,21;15,14,20,26,27,33
6,64,1,6;7,13,19,25,31;34,35,29,23,17,11,5;15,21,27,33;32,26,20,14,8,9;10,16,22,28;4,3,2,1,0,6,12,18,24,30
6,64,4,5;27,26,25,19,13,7;4,3,9,15,21,22;20,14,8,2,1,0,6,12,18,24,30,31,32,33,34,28;35,29,23,17;5,11,10,16
6,64,7,4;28,27,26,25,19,13,7,1,2;20,14,8;21,15,9,3,4,5,11,17;10,16,22,23,29,35,34,33,32,31,30,24,18,12,6,0
6,65,1,5;35,29,23;10,9,15,21,27,26;5,11,17,16,22,28,34,33,32,31,30,24,18,12,13,7;6,0,1;4,3,2,8,14,20,19,25
6,65,2,6;15,9,8,7,6,0;35,34,33;21,20,14,13,12,18,24,30,31,32;29,28,27,26,25,19;23,22,16,10;1,2,3,4,5,11,17
6,65,3,5;4,3,9,15,16,22,28;32,31,30,24,18,12,6,0,1,2,8,14,20,21;5,11,10;17,23,29,35,34,33;27,26,25,19,13,7
6,65,4,5;16,22,21,20,14;5,4,3,2,8,7,13,19,25,26,27,28;34,35,29,23,17;1,0,6,12,18,24,30,31,32,33;11,10,9,15
6,70,1,6;7,8,14,20,26,32,31;29,35,34,33;28,27,21,15,9;10,16,22,23;18,12,6,0,1,2,3,4,5,11,17;30,24,25,19,13
6,70,2,3;13,14,15,21,27,26,25,24,30;20,19,18,12,6,0,1,2,3,4,5,11,17,23,29,35;31,32,33,34,28,22,16,10,9,8,7
6,70,3,6;28,29,23,17,11;19,20,21,22;25,26,27,33,34,35;2,1,0;13,14,15,16,10,4,5;3,9,8,7,6,12,18,24,30,31,32
6,70,4,5;0,1,2,3;4,5,11,17,23;29,28,27,26,25,19;35,34,33,32,31,30,24,18,12,6,7,8,9,15;10,16,22,21,20,14,13
6,70,5,3;34,33,32,31,30,24,18,12,6,7,8,9;5,11,17,23,22,21,20;0,1,2,3,4,10,16,15,14,13,19,25,26,27,28,29,35
6,71,1,6;7,8,9,10;1,2,3,4,5,11;21,20,26,25;17,16,15,14,13,19;0,6,12,18,24,30,31,32,33,27,28,22;34,35,29,23
6,71,3,5;31,32,26,20,14,8;30,24,25,19,13,7;0,1,2,3,9,15,21,27,33,34,35,29,23,17,11;18,12,6;28,22,16,10,4,5
6,71,5,6;30,24,18,12,6,0;31,25,19,13,7;10,16,22,28,27,26;1,2,8,14,20;3,4,5,11,17,23,29,35,34,33,32;9,15,21
6,78,3,6;21,22,28;34,35,29,23,17,16,10,9,8,7;11,5,4,3,2,1,0,6,12,13;20,14,15;32,31,30,24,18,19;33,27,26,25
6,79,2,5;17,16,15,14,13,19,25,26,27,28;1,2,3,4,5;23,29,35,34,33,32,31,30,24,18,12;11,10,9,8,7,6,0;20,21,22
6,79,4,5;30,24,18,12,6,0;26,27,28,22;20,21,15,16,10,11;5,4,3,2,1,7;9,8,14,13,19,25,31,32,33,34,35,29,23,17
6,79,6,5;0,6,12,18,24,30,31,32,33,34,35;25,26,27,28,29;1,7,13,19,20,21,22,23,17,11,5,4;9,3,2;10,16,15,14,8
6,79,8,5;11,5,4,3,2,8,7,13,19,25;14,15,9,10;33,34,28,22,21,20;35,29,23,17,16;1,0,6,12,18,24,30,31,32,26,27
6,79,10,6;35,29,23,22,21;9,8,7,13,19,25;10,16,15;14,20,26,27;6,0,1,2,3,4,5,11,17;28,34,33,32,31,30,24,18,12
6,79,12,4;0,1,2,3,4,5,11,17,23,22,21,15,14,13,12;35,34,33,32,31,25;16,10,9,8,7,6;29,28,27,26,20,19,18,24,30
6,81,1,5;26,20,14,8,9,10,16,22,28;25,19,13,7;15,21,27;2,3,4,5,11,17;23,29,35,34,33,32,31,30,24,18,12,6,0,1
6,81,3,5;25,19,20,14;26,32,33,34,35,29,23,17,11,5;27,28,22,16,10,4,3,2,1,0,6;13,7,8,9,15,21;31,30,24,18,12
6,81,5,5;35,34,33,32,31,30,24;1,0,6,12,18,19,25,26,27,21,15;7,13,14,20;28,29,23,17,11,5,4,3,2,8;22,16,10,9
6,81,7,5;33,34,35,29,23,17,11,5,4,3,2,1,0,6;30,24,25,19,20,21,27,28;18,12,13,7,8,9,10;22,16,15,14;31,32,26
6,84,3,7;27,28,29,23,17,11;8,9,15;5,4,3,2,1,0,6,12,18,19,25;7,13,14,20,26,32;21,22,16,10;31,30,24;35,34,33
6,84,4,6;9,3,4;5,11,10;31,30,24,18,12,6,0,1,2,8,14,15,21,22,28;25,19,13,7;16,17,23,29,35,34,33,32;27,26,20
6,0,1,6;33,34,35,29,23,17,11,5,4;21,20,26,32,31,30,24,18,12,6;13,19,25;7,8,14,15;27,28,22,16,10;0,1,2,3,9
6,0,2,5;24,25,26,20,14,15,16,22;11,10,9,8,7,13,19,18;30,31,32,33,34,35,29,23,17;28,27,21;5,4,3,2,1,0,6,12
6,0,3,5;35,29,23;26,27,28,34;8,7,13,19,25,31,32,33;20,21,22,16,17,11,5,4,3,2,1,0,6,12,18,24,30;10,9,15,14
6,0,4,5;34,33,32,31,30,24,18,19,20,14,15,16,17,11,5,4,3;25,26,27,28;13,12,6,0,1,2;10,9,8,7;21,22,23,29,35
6,0,5,5;4,3,2,1,0,6;31,32,33,34,28,22,21,20,19;5,11,10,9,8,7;27,26,25,24,30;18,12,13,14,15,16,17,23,29,35
6,0,6,4;20,21,27,33;34,28,22,16,15,14,13,19,25,26;35,29,23,17,11,10,9,8,7;5,4,3,2,1,0,6,12,18,24,30,31,32
6,0,7,5;21,20,14,8,9;10,16,15;19,13,7;22,28,27,26,25,24,30;18,12,6,0,1,2,3,4,5,11,17,23,29,35,34,33,32,31
6,0,8,4;0,1,2,3,4,5,11,17,23,29,35,34,33,32,31,30,24,18;14,20,21;12,6,7,8,9,15;10,16,22,28,27,26,25,19,13
6,0,9,4;35,29,23,22,16,15,14;34,33,32,26,25,19,13,7,8,9,10;17,11,5,4,3,2,1,0,6,12,18,24,30,31;20,21,27,28
6,0,10,5;5,11,17,23,22,28,27,26,25;19,13,7;29,35,34,33,32,31,30,24,18,12,6,0,1;9,8,14,20;2,3,4,10,16,15,21
6,0,11,6;14,20,26,32,31,30,24;23,29,28;35,34,33,27,21,15;17,11,5,4,3,2,1,0,6;12,13,7,8,9,10,16,22;25,19,18
6,0,12,6;15,9,8,7,1,0;10,16,22,23;28,27,21,20,14,13;26,25,19,18,12,6;2,3,4,5,11,17;29,35,34,33,32,31,30,24
6,0,13,5;34,35,29,23,17,11,5,4,3,2,1;0,6,7,8,9,10,16,22,28;24,25,26;20,19,18,12;30,31,32,33,27,21,15,14,13
6,0,14,6;0,1,7,13,19;25,26,20,14,8,2,3,4,5;9,10,11,17;28,27,21;24,30,31,32,33,34,35,29,23,22,16,15;6,12,18
6,0,15,5;32,33,34,35,29;21,20,19,13,7;5,4,10,16,15,14,8;25,26,27,28,22,23,17,11;9,3,2,1,0,6,12,18,24,30,31
6,0,16,6;1,7,13,14,15,21;30,24,25,26,27;17,11,5,4,3,2;31,32,33,34,28;0,6,12,18,19,20;35,29,23,22,16,10,9,8
6,0,17,6;10,11,5;1,2,3,4;17,23,29,35,34,33,32,31,30,24,18,12,6,0;22,21,20,14,8,7;28,27,26,25,19,13;9,15,16
6,0,18,4;21,20,26,32;28,22,16,10,9,8,7,6,12,18,24,30,31;27,33,34,35,29,23,17,11,5,4,3,2,1,0;25,19,13,14,15
6,0,19,4;15,14,20,19,18,24,30,31,32,33;6,0,1,2,3,4,5,11,17,23,29;35,34,28,22,16,10,9,8,7,13,12;21,27,26,25
6,0,20,5;25,26,27,28,22;7,13,19;11,5,4,3,2,1,0,6,12,18,24,30,31,32,33,34,35,29,23;17,16,15,21,20;10,9,8,14
6,0,21,5;6,0,1,2,3,4,5;14,20,19;28,22,23,17,11,10,9,8,7,13,12,18,24,30,31;32,33,34,35,29;25,26,27,21,15,16
6,0,22,4;11,5,4,3,2,1,0,6,12,18,24,30,31,32;14,20,26,27,33,34,35;28,22,21,15;29,23,17,16,10,9,8,7,13,19,25
6,0,23,4;5,11,10,9,8,7,13,19,20,21,22;4,3,2,1,0,6,12,18,24,30,31,32,33;25,26,27,28,34;35,29,23,17,16,15,14
6,0,24,5;21,15,9;25,19,13,7;4,3,2,1,0,6,12,18,24,30,31,32,33,34,35,29,23,17;26,20,14,8;5,11,10,16,22,28,27
6,0,25,5;12,6,0,1,2,3,4;35,29,23,17,16,15,21,27;32,31,30,24,18,19,13,7;33,34,28,22;5,11,10,9,8,14,20,26,25
6,0,26,5;5,11,17,23,29;22,16,10,4;21,15,9,3,2,1,0;20,14,8,7,6,12,18,24,30,31,32,33;13,19,25,26,27,28,34,35
6,0,27,5;18,19,13,7;28,22,16,10,9;15,21,27;25,26,20,14,8;24,30,31,32,33,34,35,29,23,17,11,5,4,3,2,1,0,6,12
6,0,28,6;9,8,14;1,7,13;19,20,21,15,16,10;0,6,12,18,24,30,31,32,33,34,35,29,23,17,11,5;25,26,27,28,22;2,3,4
6,0,29,5;24,18,12,6,0,1,2,3,4,5;7,13,19,20;14,15,21;8,9,10,16,22,28,27,26,25;11,17,23,29,35,34,33,32,31,30
6,0,30,5;15,21,27;0,6,7,8,9,10,16,22,28;31,25,19;23,29,35,34,33,32,26,20,14,13,12,18,24,30;1,2,3,4,5,11,17
6,0,2,5;22,16,10,9;1,0,6,12;14,15,21,27,28;31,25,26,20;32,33,34,35,29,23,17,11,5,4,3,2,8,7,13,19,18,24,30
6,0,8,6;31,25,26,27;12,13,14,15,16,22,28,34,33,32;21,20,19,18,24,30;7,8,9,10;2,1,0,6;35,29,23,17,11,5,4,3
6,0,10,5;35,29,28,22,16,10;7,8,14,20;26,25,19,13,12,6,0,1,2;32,31,30,24,18;34,33,27,21,15,9,3,4,5,11,17,23
6,0,16,7;35,34,28;30,31,32,33;10,11,17,23,29;21,27,26,25,24;12,13,7,8,9,15,16,22;14,20,19,18;5,4,3,2,1,0,6
6,0,18,5;4,5,11,17,23;13,12,6,0,1,2,3,9,10,16,22;31,30,24,18,19,20;7,8,14,15,21,27,28,29;35,34,33,32,26,25
6,0,24,5;25,26,27,28;1,7,13,19,20,21,22,16;0,6,12,18,24,30,31,32,33,34,35,29,23,17,11,5,4;3,2,8;10,9,15,14
6,0,26,4;10,16,22,28,34,33;35,29,23,17,11,5,4,3,2,1,7,13,19,25;0,6,12,18,24,30,31,32,26,20,14,8;9,15,21,27
6,0,32,5;6,0,1,2,3,4,5,11,17,23,29,35,34,33;15,21,27,26,32,31,30;19,20,14;16,22,28;25,24,18,12,13,7,8,9,10
6,0,34,6;24,30,31,32,33,34,35,29,23,17,11,5;9,15,16,22;2,8,14,20,21;18,12,6,0;1,7,13,19,25,26,27,28;3,4,10
6,0,40,4;13,14,15,16,17,11,5,4,3,2,1,0;24,18,12,6,7,8,9,10;28,27,26,25;30,31,32,33,34,35,29,23,22,21,20,19
6,0,42,5;34,35,29,23,17,16,10,9,8,7,13;31,32,33,27;28,22,21,15,14;11,5,4,3,2,1,0,6,12,18,19,20;30,24,25,26
6,0,48,5;15,21,20;30,31,25,19,13,7;32,33,34,35,29,23,17,11,5,4,3;2,1,0,6,12,18,24;26,27,28,22,16,10,9,8,14
6,0,50,3;6,7,8,9,10,16,22,28,27,26,20,19,18,24,30;25,31,32,33,34,35,29,23,17,11,5,4,3,2,1,0;12,13,14,15,21
6,0,56,5;33,34,35,29;27,26,20,14,8,9;32,31,30,24,18,12,6,0,1,2,3,4,5,11,17,23,22,28;10,16,15,21;25,19,13,7
6,0,58,5;35,29,23;22,16,17,11,5,4,3,2,1,0,6,12,18,24,30;34,33,32,26,20;10,9,8,7,13,19,25,31;28,27,21,15,14
6,0,64,6;35,34,33,32;28,29,23,17,11,10,9,8,2,1,0,6,12,18,24,30,31;5,4,3;27,21,20,14,13,7;26,25,19;15,16,22
6,0,66,5;28,27,26,20,19,13,7;34,33,32,31,25;8,14,15,21,22;11,5,4,3,2,1,0,6,12,18,24,30;9,10,16,17,23,29,35
6,0,72,4;20,14,15,16,22,28,34,33;35,29,23,17,11,5,4,3,2,1,0,6,12,18;24,30,31,32,26,27,21;10,9,8,7,13,19,25
6,0,74,5;30,24,18,12,6,0,1,2,8,9,10;35,29,28,27,26;3,4,5,11,17,23;16,15,14,13,7;22,21,20,19,25,31,32,33,34
6,0,80,5;16,10,9,8,7,13,19;18,12,6,0,1,2,3,4,5,11,17,23,22,21,15;29,28,27;24,30,31,32,33,34,35;14,20,26,25
6,0,82,5;31,30,24,18,12,6,0,1,2;7,8,9,3,4,5,11,17,23,29,35;34,28,27;33,32,26,20,21,22;25,19,13,14,15,16,10
6,0,88,5;13,14,15,21;4,10,9,8,7;23,29,35,34,33,32,31,30;3,2,1,0,6,12,18,19,20;24,25,26,27,28,22,16,17,11,5
6,0,90,5;0,6,7,8,9,10,16,17;19,25,31,32,33;35,34,28,27,26,20;1,2,3,4,5,11;29,23,22,21,15,14,13,12,18,24,30
6,0,96,6;31,32,33,34,35,29,23,17,11,5,4,3,2,1,0;26,20,19,18,12;25,24,30;6,7,8,9;27,21,15,14,13;28,22,16,10
6,0,98,6;20,14,8;30,31,32,33,34,35,29,23,17,11,5;4,10,16,22,28;2,3,9,15,21,27,26,25,24,18;0,1,7;19,13,12,6
6,0,104,6;6,7,8;21,15,16;14,20,19,25,31,32,33,34,35,29,23,17,11,5,4;13,12,18,24,30;0,1,2,3,9,10;26,27,28,22
6,0,106,5;34,33,32,31,30,24,18,12,6,0,1;5,11,17,23,29,35;2,3,4,10,16,22,28;9,15,21,27,26,25,19,13,7;20,14,8
6,0,112,6;13,7,8;35,34,33,32,31,30,24,18,12,6,0,1,2,3,4,5,11;19,20,14;25,26,27,28,29;9,15,21,22,23;10,16,17
6,0,114,5;15,14,13;2,1,0,6,12;21,20,19,18,24,30,31,32,33,34,35,29,23;25,26,27,28,22,16,10;17,11,5,4,3,9,8,7
6,0,120,5;15,14,20;1,7,8;9,10,16,22,21;2,3,4,5,11,17,23,29,28,27,26,25,19,13;0,6,12,18,24,30,31,32,33,34,35
6,0,61,5;19,18,12,6,0,1,2,3,4,5,11,17,23;8,9,15,21,27,33,34,35;32,31,30;7,13,14,20,26,25,24;10,16,22,28,29
6,0,62,5;30,31,25;4,5,11,17,23,29,28,27,21,15,14,8,7,1,0;35,34,33,32,26,20,19,18,24;2,3,9,10,16,22;13,12,6
6,0,63,5;3,4,5,11,17,23,29,35,34,33,32,31,30,24;2,1,0,6,12,18;15,21,20,26;14,13,19,25;27,28,22,16,10,9,8,7
6,0,64,5;22,28,27,26;25,19,20,21;17,23,29,35,34,33,32,31,30,24,18;2,1,0,6,12,13,14,15,16,10,11;5,4,3,9,8,7
6,0,65,5;14,15,21,27;0,6,12,18,24,30;8,9,10,16,22,28;35,29,23,17,11,5,4,3,2,1,7,13,19,25,31;34,33,32,26,20
6,0,66,5;30,24,18,12,6,0,1,2,8,14;11,17,23,29,35,34;3,9,15,21,20,26,25,31;5,4,10,16,22,28,27,33,32;19,13,7
6,0,67,5;20,26,25;32,31,30,24,18,19,13,7,8,9,3,4,5,11,17,23,29,35;14,15,21,27,33;10,16,22,28,34;2,1,0,6,12
6,0,68,3;29,23,22,21,20,14;33,32,31,30,24,18,12,6,0,1,2,3,4,10;35,34,28,27,26,25,19,13,7,8,9,15,16,17,11,5
6,0,69,6;16,15,14;10,9,8,2,1;26,25,19,13,7,6,0;29,28,27;12,18,24,30,31,32,33,34,35;3,4,5,11,17,23,22,21,20
6,0,70,5;11,5,4,3,2;1,7,8,9,10;21,20,19,18,24,30,31,32,33,34,35,29,23;17,16,22,28,27,26,25;0,6,12,13,14,15
6,0,71,5;6,7,8,9,10,16,22,21,20,19;18,24,25,26,27,28,29;30,31,32,33,34,35;23,17,11,5,4,3,2,1,0;12,13,14,15
6,0,72,5;33,32,31,30,24,18,19,13,7,8;15,21,27;25,26,20,14;34,28,22,16,10,9,3,2,1,0,6,12;35,29,23,17,11,5,4
6,0,73,5;8,9,10,16,22,28;6,12,13,14,15,21,27,26,25,31;2,3,4,5,11,17,23,29,35,34,33,32;7,1,0;30,24,18,19,20
6,0,74,7;2,8,14,20,21,22,16,17,11;5,4,10;13,7,1;24,30,31;27,28,29,23;0,6,12,18,19,25,26,32,33,34,35;3,9,15
6,0,75,6;28,22,16,10;0,1,2,3,4,5,11,17,23,29,35,34;12,18,19,25;24,30,31;33,27,21,15,9,8,7,6;32,26,20,14,13
6,0,76,5;28,22,21;33,27,26;32,31,25,19,13,7,8,9,10,11,17,23,29,35,34;30,24,18,12,6,0,1,2,3,4,5;20,14,15,16
6,0,77,7;18,24,30,31,32,26,20,14,8,7;29,35,34;2,1,0,6;9,3,4,5;21,15,16,10;25,19,13,12;11,17,23,22,28,27,33
6,0,78,7;6,7,13,14;35,29,23,17;11,10,16,22,28,34,33,32,31,30;21,20,19,18,12;0,1,2,8,9,15;27,26,25,24;5,4,3
6,0,79,5;25,19,13,12;5,4,10,16,22,28,34,35;1,2,3,9,15,21,27,33;0,6,7,8,14,20,26,32,31,30,24,18;29,23,17,11
6,0,80,7;15,21,20;9,10,16,17,23,29,35,34,33,32,31;14,8,2;6,12,18,19;13,7,1,0;30,24,25,26,27,28,22;3,4,5,11
6,0,81,6;28,27,21,15,14;7,13,19,25;29,23,22;20,26,32,33,34,35;17,16,10,9,8;11,5,4,3,2,1,0,6,12,18,24,30,31
6,0,82,4;5,11,17,23,22,21,20,14,8,9;4,10,16,15;28,27,26,25,19,13,7;29,35,34,33,32,31,30,24,18,12,6,0,1,2,3
6,0,83,7;8,9,10;0,6,12;24,18,19;29,35,34,33,32;30,31,25,26;20,14,13,7,1,2,3,4,5,11,17,23,22,28,27;21,15,16
6,0,84,4;6,0,1,2,3,4,5,11,17,23,29,35,34,33;7,8,9,10,16,22,28,27,26;21,20,19,25,31,32;30,24,18,12,13,14,15
6,0,85,7;8,2,3,4,10;24,30,31;6,12,13,14,20,21,27,28,29,23,17,11,5;18,19,25,26,32;22,16,15,9;33,34,35;7,1,0
6,0,86,5;33,32,31,25,19,13,7,8,9,10,11,17,23;34,35,29;21,27,28;5,4,3,2,1,0,6,12,18,24,30;22,16,15,14,20,26
6,0,87,7;25,26,27;4,3,2;5,11,17,16,15;10,9,8,7,1,0;21,22,28;14,20,19,18,24,30,31,32,33,34,35,29,23;6,12,13
6,0,88,4;15,21,27,28;24,25,19,13,7,8,9,10,16,22;18,12,6,0,1,2,3,4,5,11,17,23,29,35,34,33;30,31,32,26,20,14
6,0,89,5;30,24,18,12,6,0,1;2,3,4,10,16,22,21,27,33,34,35;32,26,20,14,15;9,8,7,13,19,25,31;5,11,17,23,29,28
6,0,90,6;35,29,23,17;13,7,8,9,3,4,5;15,21,27,26,25,24;2,1,0,6;11,10,16,22,28,34,33,32,31,30;12,18,19,20,14
6,0,91,4;21,15,9,3;7,13,19,25;24,18,12,6,0,1,2,8,14,20,26,27,28,22,16,10,4;30,31,32,33,34,35,29,23,17,11,5
6,0,92,7;15,16,10;14,13,19,25;9,8,7;35,29,28;22,23,17,11,5,4,3,2,1,0,6;20,21,27,33,34;12,18,24,30,31,32,26
6,0,93,7;4,10,9;3,2,1;12,18,24,30,31,32;28,22,23,17,11,5;26,25,19,13;0,6,7,8,14,15,16;20,21,27,33,34,35,29
6,0,94,5;34,33,32,31,30,24,18,12,6,0,1,2,3;7,8,9,10;19,20,21,22,23;4,5,11,17,16,15,14,13;25,26,27,28,29,35
6,0,95,6;7,6,0;18,12,13,14,8,2,1;9,10,11,17,23,29,35,34,33,32,31;3,4,5;30,24,25,19,20,21,15,16;22,28,27,26
6,0,96,5;11,10,16,15;19,25,26,27,28,29;35,34,33,32,31,30,24,18;2,1,0,6,12,13,14,20,21,22,23,17;5,4,3,9,8,7
6,0,97,6;7,13,14,20,21,22,23,29;19,18,12,6,0,1,2,8,9,15;35,34,28,27,26,25,24,30;3,4,10,16;5,11,17;31,32,33
6,0,98,4;10,16,22,28,27,26,25,19,13,7,6,0;1,2,8,14;12,18,24,30,31,32,33,34,35,29,23,17,11;5,4,3,9,15,21,20
6,0,99,5;15,21,20,19,13;7,8,14;2,3,9,10,16,22,28,27,26,25,24,18,12;4,5,11,17,23,29,35,34,33,32,31,30;6,0,1
6,0,100,6;3,2,8,14;31,32,26,20,21,15,9;25,19,13,7;5,4,10,16,22,28,27;1,0,6,12,18,24,30;11,17,23,29,35,34,33
6,0,101,6;6,12,13,14,20,21,27,28;24,30,31;18,19,25,26,32,33,34,35,29,23,22;10,4,3,2;16,17,11,5;15,9,8,7,1,0
6,0,102,5;30,24,25,26,27,21;35,29,23,22,16,10,9,8,7;17,11,5,4,3,2,1,0,6,12,13,14,15;28,34,33,32,31;18,19,20
6,0,103,5;30,31,25,26,20,21,22,28;7,8,9,10,16;27,33,32;24,18,19;15,14,13,12,6,0,1,2,3,4,5,11,17,23,29,35,34
6,0,104,4;21,20,14,8,2,3,4,5,11;17,16,22,28,27,26,25,19,13,7,1;10,9,15;23,29,35,34,33,32,31,30,24,18,12,6,0
6,0,105,6;11,17,23,29,35,34;8,7,13,19,18,24;12,6,0,1,2,3;16,22,28;30,31,25,26,20,14,15,9,10,4,5;32,33,27,21
6,0,106,6;19,20,21,22,23,29,35,34;25,26,27,28;17,16,15,14;5,11,10,9,8,7,13;18,24,30,31,32,33;4,3,2,1,0,6,12
6,0,107,6;12,6,0,1,2;14,20,19,18;24,25,26,27,21,22,16,10;35,29,23,17,11,5,4,3,9,15;8,7,13;30,31,32,33,34,28
6,0,108,5;6,12,18;21,15,9,10;31,32,33,34,35,29,23,17,11,5,4,3,2,1,0;16,22,28,27,26,20,14;8,7,13,19,25,24,30
6,0,109,6;27,33,34;7,8,14,15,16,10,4,5;13,19,25,31;9,3,2,1,0,6,12,18,24,30;23,17,11;32,26,20,21,22,28,29,35
6,0,110,5;12,18,24,25,26,27,21,15,9,10,11,17,23,29,35;30,31,32,33,34,28,22,16;19,20,14,8;5,4,3,2,1;13,7,6,0
6,0,111,4;27,26,25,19,13,14,15,16,10;34,28,22,21,20;33,32,31,30,24,18,12,6,0,1,2;7,8,9,3,4,5,11,17,23,29,35
6,0,112,6;5,4,3,2,1;33,27,28,22,16,15,14,8;9,10,11,17,23,29,35,34;32,26,20,21;0,6,7,13,19,25;12,18,24,30,31
6,0,113,5;28,22,16,10;4,5,11,17,23,29,35,34,33,27,26,20,14,8;21,15,9,3,2;32,31,30,24,18,12,6,0,1;25,19,13,7
6,0,114,6;5,4,10,9,8,7,13;35,29,23;1,2,3;30,24,25,26,27,21;31,32,33,34,28,22;11,17,16,15,14,20,19,18,12,6,0
6,0,115,7;22,28,27;16,10,11,5;30,24,18,12,6,0,1,2,3,4;17,23,29,35,34,33,32,26;21,20,14;31,25,19,13,7;15,9,8
6,0,116,4;0,1,7;24,30,31,32,33,34,35,29,23,17,11,5,4,3,2,8,14,13,12,6;25,26,27,28,22,16;18,19,20,21,15,9,10
6,0,117,5;20,21,22,28;32,31,30,24,18,12,6,7,8,9,10,16,17,23,29;35,34,33,27,26,25,19;0,1,2,3,4,5,11;13,14,15
6,0,118,6;33,27,28,22,23,17,11,5;12,18,24,30;9,8,14,20,26,32;29,35,34;21,15,16,10,4,3,2,1,0,6;31,25,19,13,7
6,0,119,5;29,35,34,33,32,31,30,24,18,12,13;16,15,9;10,4,3,2,1;5,11,17,23,22,28,27,26,25,19;0,6,7,8,14,20,21
6,0,120,5;0,1,2,8,9,15,21,27;14,13,19,25,31,30;3,4,10,16,22,28,34,33,32,26,20;24,18,12,6,7;35,29,23,17,11,5
6,0,1,5;6,12,13,14,15,21;23,29,35,34,33,32,31,25;30,24,18,19,20,26,27,28,22;0,1,7,8,9,10,16;2,3,4,5,11,17
6,0,2,5;21,20,19,13,7,8,9;5,11,17,23,29,35,34,33,32,31,30;22,28,27,26,25,24,18;12,6,0,1,2,3;4,10,16,15,14
6,0,3,6;0,1,7,13;26,32,31,30;16,22,28,27;14,8,2,3,4,5,11,17,23,29,35,34,33;18,12,6;10,9,15,21,20,19,25,24
6,0,4,5;20,14,13,12,6,0,1,2,3;4,10,9,8,7;24,30,31,32,33,34,35,29;28,22,23,17,11,5;18,19,25,26,27,21,15,16
6,0,5,6;25,26,27;11,5,4,3,2,1,0,6,12;28,29,35;13,14,15;16,10,9,8,7;34,33,32,31,30,24,18,19,20,21,22,23,17
6,0,6,6;21,20,19,25;0,6,12,18;11,5,4,3,2,1,7;24,30,31,32,33,34,35,29,23,17,16,15;26,27,28,22;10,9,8,14,13
6,0,7,5;33,32,31,30,24,18;7,8,14,20,21,27;9,15,16,22,28;34,35,29,23,17,11,10;26,25,19,13,12,6,0,1,2,3,4,5
6,0,8,6;6,7,8,9,10,11,17,23,22,28,27,26,25,31;14,13,12;16,15,21;32,33,34,35,29;0,1,2,3,4,5;20,19,18,24,30
6,0,9,5;0,1,2,3,4,5,11,17,23;10,16,22,28,29;14,20,26,25;35,34,33,32,31,30,24,18,19,13;27,21,15,9,8,7,6,12
6,0,10,6;8,7,6;28,27,26;25,19,20;24,18,12,13,14,15,9;21,22,16,10;30,31,32,33,34,35,29,23,17,11,5,4,3,2,1,0
6,0,11,6;6,7,8,14;26,27,28,29,23,17,11;15,9,10,4,5;16,22,21,20,19,25;3,2,1,0;35,34,33,32,31,30,24,18,12,13
6,0,12,4;19,13,7,8,9,15,21,27,33,32,31,30,24;25,26,20,14;34,28,22,16,10;18,12,6,0,1,2,3,4,5,11,17,23,29,35
6,0,13,6;33,34,35,29,23,17,16,10,9;18,12,13;6,7,8,14,15;30,31,32,26,27,28,22;24,25,19,20,21;0,1,2,3,4,5,11
6,0,14,4;7,8,9,15,21,20;19,18,24,30,31,32,33,34,35,29,23,17,11,5,4,3,2,1,0;25,26,27,28,22,16,10;14,13,12,6
6,0,15,4;29,23,17,11,10,9,8,7,13;5,4,3,2,1,0,6,12,18,19,20,14,15,16,22,28;24,25,26,27,21;35,34,33,32,31,30
6,0,16,6;21,15,9;19,13,7,1;33,32,31,30;3,4,10,16,22,28,27;2,8,14,20,26,25,24,18,12,6,0;5,11,17,23,29,35,34
6,0,17,4;32,33,34,28,22,16,10,9,8,7,13,12,18,24;35,29,23,17,11,5,4,3,2,1,0,6;30,31,25,26,27,21,15;14,20,19
6,0,18,5;32,33,34,35,29,23,17,11,5,4,3,2,1,0,6,12,18,24;21,27,26;19,13,7,8,9,10,16,22,28;20,14,15;30,31,25
6,0,19,5;31,30,24,18,12,6,0,1;35,34,33,27,21,20;7,8,2,3,4,5,11,17,23,29;32,26,25,19,13,14,15;9,10,16,22,28
6,0,20,5;1,7,13,14,15,21,27,26,25;12,6,0;8,9,10,16,22,28,34,33,32,31;20,19,18,24,30;2,3,4,5,11,17,23,29,35
6,0,21,6;11,10,16,15,14;21,20,19,13,7,8,9;27,28,22,23,17;5,4,3,2,1,0,6,12,18;26,25,24;30,31,32,33,34,35,29
6,0,22,5;34,33,32,31,30,24,18,19,20,14,8,2,1,0,6;15,9,3,4,5,11,17,23;7,13,12;25,26,27,21,22,16,10;35,29,28
6,0,23,5;10,16,22,28;7,8,14,20,26,25;9,15,21,27,33,32,31,30,24,18,19;1,2,3,4,5,11,17,23,29,35,34;0,6,12,13
6,0,24,5;5,4,3;17,11,10,9,8,2,1,0,6,12,18,24,25,26;28,22,16,15,14;23,29,35,34,33,32,31,30;7,13,19,20,21,27
6,0,25,4;0,1,2,3,4,5,11,17,23,29,35,34,33,32;30,31,25,26,27,28,22,16,10,9,8,7,6;24,18,19,20,21;15,14,13,12
6,0,26,5;8,7,13,19,18,24,30,31,32,33,34,35,29,23;2,1,0,6,12;25,26,20,21;27,28,22,16,10;17,11,5,4,3,9,15,14
6,0,27,6;9,15,21,27,28,34,35;29,23,17,11,5,4,3,2,1,0;13,19,25,31,32,33;7,6,12,18,24,30;22,16,10;8,14,20,26
6,0,28,4;21,27,33;35,29,23,17,11,5,4,3,2,1,0,6,12,13,19,25;18,24,30,31,32,26,20,14,15;34,28,22,16,10,9,8,7
6,0,29,4;21,20,19,18,24,30;15,14,13,12,6,0,1,2,3,4,5,11,17,23,29,35,34,33,32,31,25;22,28,27,26;7,8,9,10,16
6,0,30,6;33,34,35,29,23,22,16,10;9,3,4,5,11,17;21,27,28;2,8,7,13,19;30,31,32,26,20,14,15;25,24,18,12,6,0,1
6,0,1,5;2,1,0,6,12,18;20,21,22,16,10;28,27,26,25,19,13,7,8;3,4,5,11,17,23,29,35,34,33,32,31,30,24;14,15,9
6,0,2,6;0,6,12,18;3,2,1,7,13,19,25;21,15,9,10,4,5;24,30,31,32,33,34,35,29,23,22;28,27,26,20,14,8;16,17,11
6,0,3,6;10,9,8,2,1;0,6,12,18,19,20;23,29,28,27,26,25;21,15,14,13,7;3,4,5,11,17,16,22;24,30,31,32,33,34,35
6,0,6,5;7,8,9,10,16;19,25,31;6,0,1,2,3,4,5,11,17,23,22,28;29,35,34,33,27,21,15;30,24,18,12,13,14,20,26,32
6,0,7,5;2,3,4,5,11,17,23,29,28;35,34,33,32,31,30,24,18,12,13,7,8;16,22,21,27,26;10,9,15,14,20,19,25;1,0,6
6,0,8,6;19,20,21;10,9,8;17,23,29,35,34,33,32,31,30,24,18;25,26,27,28,22;16,15,14,13,7;12,6,0,1,2,3,4,5,11
6,0,11,6;35,29,23,22;0,1,2,3;20,14,8,9,10,4,5;6,7,13,19,25,26;12,18,24,30,31,32,33,34;11,17,16,15,21,27,28
6,0,12,7;30,31,32,33;5,11,17,16,15,21,27,28;34,35,29,23,22;24,25,26,20,14,8;4,10,9;3,2,1,0,6,12;7,13,19,18
6,0,13,5;17,11,5,4,3,2,8,14,20,26,32,33,34,35;30,24,18,12,6,0,1;23,22,16,10;29,28,27,21,15,9;31,25,19,13,7
6,0,16,5;6,7,8,14,15;35,34,33,32,31,30;4,5,11,17,23,29,28,27,26,25,24,18;10,16,22,21,20,19,13,12;9,3,2,1,0
6,0,17,5;25,26,20,14;29,35,34,33,32,31,30,24;28,27,21,15;22,16,10,9,8,7,13,19,18;23,17,11,5,4,3,2,1,0,6,12
6,0,18,5;11,17,23,29,28,27;18,12,6,0,1,2,3,4,5;15,14,20,26,32,31,30,24;33,34,35;25,19,13,7,8,9,10,16,22,21
6,0,21,5;33,32,31,25,19,13,14,15,16,22;35,29,23,17,11,5,4,3,2,1,0,6,12,18,24,30;21,20,26;34,28,27;7,8,9,10
6,0,22,5;21,20,19;31,30,24,18,12;10,9,8;27,28,22,16,15,14,13,7,6;0,1,2,3,4,5,11,17,23,29,35,34,33,32,26,25
6,0,23,5;7,8,14,15,16,22,28,27,26;4,5,11,17,23,29,35,34,33,32;25,31,30;13,12,6,0,1,2,3,9,10;21,20,19,18,24
6,0,26,5;26,27,28,22,16,10;1,2,8,14;25,31,32,33,34,35,29,23,17,11;30,24,18,12,6,0;5,4,3,9,15,21,20,19,13,7
6,0,27,6;22,21,20;35,29,23,17,11,10,9,8,7;34,33,32,31,30,24,18,19;13,12,6,0,1,2,3,4,5;28,27,26,25;16,15,14
6,0,28,6;14,15,21,27,26,25,31,30;6,12,18,24;20,19,13,7;35,34,33,32;28,22,16,10,9,8;0,1,2,3,4,5,11,17,23,29
6,0,31,5;1,7,8,9,10;16,22,28,27;2,3,4,5,11,17,23,29,35,34,33,32,31,30,24,18,12,6,0;19,13,14;25,26,20,21,15
6,0,32,6;31,32,26;20,21,22,16,17,11,5,4,3,2,1,0,6,12,18,24,30;23,29,35,34;28,27,33;14,15,9,10;25,19,13,7,8
6,0,33,4;15,14,20,26,32,31;35,34,33,27;21,22,16,10,9,8,7,13,19,25,24,30;18,12,6,0,1,2,3,4,5,11,17,23,29,28
6,0,36,6;7,8,14,20;26,27,21,15,9,10;31,30,24,18,12,6,0,1,2,3,4,5;23,29,35;32,33,34,28,22,16,17,11;13,19,25
6,0,37,5;27,26,25;23,29,35,34,33,32,31,30,24,18,12,6,0,1,2,3;4,5,11,17,16,15,14,13,7;10,9,8;19,20,21,22,28
6,0,38,5;17,11,10,9,15,21;5,4,3;19,25,26,27,28,22,16;8,2,1,0,6,12,18,24,30,31,32,33,34,35,29,23;7,13,14,20
6,0,41,5;15,21,20,19,18,12,6;5,4,3,2;30,24,25,26,27,28,22,16;14,13,7,1,0;31,32,33,34,35,29,23,17,11,10,9,8
6,0,42,6;6,7,8;10,9,15,14;22,16,17,11,5,4,3,2,1,0;21,20,19,13;28,27,26,25;12,18,24,30,31,32,33,34,35,29,23
6,0,43,5;27,21,15,14,13,12;7,8,9,10,16,22,28;25,19,18;24,30,31,32,26,20;6,0,1,2,3,4,5,11,17,23,29,35,34,33
6,0,46,5;28,27,26,25;5,11,17,16;22,23,29,35,34,33,32,31,30,24,18,12,6,0;4,10,9,15,21,20,19,13,7,1;14,8,2,3
6,0,47,4;25,19,13,7,8,9,10,16,22,28;21,27,33;18,12,6,0,1,2,3,4,5,11,17,23,29,35,34;15,14,20,26,32,31,30,24
6,0,48,6;9,8,2,1,0;6,12,18,24,30,31,32,33,34,28;7,13,19;25,26,27,21,22,16,10;3,4,5,11,17,23,29,35;20,14,15
6,0,51,6;30,24,18,12,6,7,8;22,28,27;11,17,16,15,21,20,26;9,10,4,5;0,1,2,3;23,29,35,34,33,32,31,25,19,13,14
6,0,52,4;0,1,2,3,4,5,11,17,23,29,35,34,33,27,21,15,14,13,19,18,24;20,26,25;30,31,32;12,6,7,8,9,10,16,22,28
6,0,53,5;10,9,15,21,27,33,32;35,29,23,17,11,5,4,3,2,1,0,6,12;30,24,18,19,13,7;31,25,26,20,14,8;16,22,28,34
6,0,56,5;27,28,22,16;7,8,9,15,21,20;5,4,3,2,1,0,6,12,13,14;18,24,30,31;10,11,17,23,29,35,34,33,32,26,25,19
6,0,57,4;26,25,19,13,7,8,9,10,16,22,21;35,34,33,32,31,30,24,18,12,6,0,1,2,3,4,5,11;17,23,29,28,27;20,14,15
6,0,58,5;12,6,0,1,2,3,4,5;32,33,34,35,29,23,17,16,15,14,13;31,25,26,27,28;11,10,9,8,7;30,24,18,19,20,21,22
6,0,1,6;4,3,9,15,21,20;0,6,12,18,24;32,33,34,35,29,23,17,11,5;1,7,13,19,25,31,30;26,27,28,22,16,10;2,8,14
6,0,2,6;25,19,13,7,8,9,15;17,11,5;2,3,4,10,16,22,23;26,20,14;1,0,6,12,18,24,30,31,32,33,34,35,29;21,27,28
6,0,3,4;15,9,3,4,5,11,17,23,29,35,34,33;10,16,22,28;32,31,30,24,18,12,6,0,1,2,8,14,20,21,27;26,25,19,13,7
6,0,4,4;27,28,22,16,10,9,8,7,6,12,18;21,15,14,13,19;25,26,20;24,30,31,32,33,34,35,29,23,17,11,5,4,3,2,1,0
6,0,5,4;15,14,13,19,18,24,30,31,32,33,27,28;34,35,29,23,17,11,5,4,3,2,1,0;25,26,20,21,22;16,10,9,8,7,6,12
6,0,6,6;3,4,10,16;5,11,17;20,14,8,2,1,0,6,12,18,24,30;9,15,21;23,29,35,34,33,32,31,25,19,13,7;22,28,27,26
6,0,7,5;24,30,31,32,33,34,35,29,23,17;28,22,16,10,9,8;2,1,0,6,12,18,19,25,26,27,21,15;11,5,4,3;7,13,14,20
6,0,8,5;8,7,13,19,25;21,27,33,34,35,29,23,17,11,5;4,10,16,22,28;20,26,32;31,30,24,18,12,6,0,1,2,3,9,15,14
6,0,9,6;17,16,15,14,13,7,6,0;1,2,3,4,5;29,28,27,26,25;23,22,21,20,19;35,34,33,32,31,30,24,18,12;8,9,10,11
6,0,10,5;11,5,4,3,2,1,0;20,21,27,33,34,35,29,23,17;28,22,16,10;25,19,13,14,15;9,8,7,6,12,18,24,30,31,32,26
6,0,11,5;22,21,20,19,18,12,6,0,1,2,3,4,5,11;24,30,31,32,33,34,35,29,23;7,13,14,15,16,17;28,27,26,25;10,9,8
6,0,12,4;8,9,10,16,22,28,27,26,25,24,30;1,0,6,12,18,19,20,21;7,13,14,15;31,32,33,34,35,29,23,17,11,5,4,3,2
6,0,13,5;8,9,3,4,5,11,17;28,27,21,15,14,13,7;2,1,0,6,12;24,18,19,20,26,32,33,34,35,29,23,22,16,10;30,31,25
6,0,14,5;33,27,21;8,7,13,19,25,31;10,16,22,28,34,35;30,24,18,12,6,0,1,2,3,9,15,14,20,26,32;29,23,17,11,5,4
6,0,15,6;12,18,24,30;15,21,22,28;6,7,13;33,34,35,29,23,17,11,5,4,3,2,1,0;32,26,27;31,25,19,20,14,8,9,10,16
6,0,16,6;25,26,27,21;15,14,20,19;30,31,32,33,34,35,29,23,17,11,5,4,3;10,9,8,7,13,12,18,24;28,22,16;2,1,0,6
6,0,17,6;5,4,3,2,8,7;24,30,31,32,33,27,21,15;34,35,29,23,17,11,10,9;1,0,6,12,18,19,25,26;28,22,16;13,14,20
6,0,18,5;15,14,13;7,8,9,10,16,22,21,20,19,25,31,32;28,27,26;11,17,23,29,35,34,33;30,24,18,12,6,0,1,2,3,4,5
6,0,19,5;11,10,9,15;0,6,12,18,24,30,31,32,33,34,35,29,23,17,16;5,4,3,2,8,14;28,27,26,25;22,21,20,19,13,7,1
6,0,20,4;27,28,22;21,15,14,13,19,25;0,1,2,3,4,5,11,17,23,29,35,34,33;16,10,9,8,7,6,12,18,24,30,31,32,26,20
6,0,21,6;13,14,8,2,1;5,11,17,23,29,35,34,33,32,31;0,6,7;21,20,19,18,12;15,9,3;4,10,16,22,28,27,26,25,24,30
6,0,22,5;5,11,17,23,29,35,34,33,32,31,30,24;13,14,20;27,28,22,16,10,4,3,2,1,0;6,7,8,9,15,21;12,18,19,25,26
6,0,23,4;20,21,22,23,17;5,4,3,2,1,0,6,12,18,24,30,31,32,33,34,35;29,28,27,26,25,19,13,7,8,9,10,11;14,15,16
6,0,24,6;2,3,4,10,16,22,21,27;8,7,1,0;25,26,20;28,34,33,32,31,30,24,18,19;9,15,14,13,12,6;5,11,17,23,29,35
6,0,25,6;31,25,19,13,7,8,9,10,11;1,0,6,12,18,24,30;15,16,17;21,27,28;5,4,3,2;22,23,29,35,34,33,32,26,20,14
6,0,26,5;33,34,35,29,23,17,11,5,4,3,2,1,0;6,7,8,9,10,16,22,28,27;30,24,25,19,20,21;31,32,26;15,14,13,12,18
6,0,27,5;28,22,21,15,9,10;33,27,26,20,14,8,2,3,4,5,11;16,17,23,29,35,34;32,31,30,24,18,12,6;25,19,13,7,1,0
6,0,28,4;31,32,33,34,35,29,23,17,11,5,4,3,2,1;25,26,27,28;30,24,18,19,20,21,22,16,10,9,8,7;0,6,12,13,14,15
6,0,29,6;12,13,7;15,21,27,26,32,31,30,24,18;6,0,1,2,3,4,5,11,17,23;25,19,20,14,8;9,10,16,22,28;29,35,34,33
6,0,30,5;6,0,1,2,3,4,5,11,17,23;9,10,16,22,28;29,35,34,33,27,21,15,14,8,7;25,24,18,12,13;30,31,32,26,20,19
6,0,1,5;2,8,9,15,21;1,7,13,14,20,26,25,24;19,18,12,6,0;30,31,32,33,27,28,22,16,10;34,35,29,23,17,11,5,4,3
6,0,2,5;6,7,8,14,15,21,27;31,30,24,18,12;0,1,2,3,4,5,11,17,23,29,35,34,33,32,26,20;9,10,16,22,28;25,19,13
6,0,3,5;15,21,27,28;35,34,33,32;24,18,12,6,0;22,16,10,9,8,14,20,26,25,31,30;29,23,17,11,5,4,3,2,1,7,13,19
6,0,4,5;19,25,26,32,33,34,35;7,13,14,15,16,22;10,9,8;20,21,27,28,29,23,17,11,5,4,3,2,1;0,6,12,18,24,30,31
6,0,5,5;8,9,10,16,17,23,29,35;26,27,28;34,33,32,31,25,19,20;30,24,18,12,6,0,1,2,3,4,5,11;22,21,15,14,13,7
6,0,6,5;0,1,2,3,9,15,21,20,26,25;12,6,7,8;4,5,11,17,23,29,35,34,33,32,31,30,24,18;19,13,14;10,16,22,28,27
6,0,7,5;16,17,11,5,4,3,2,1,0,6,12,18,24,30,31,32,33,34,35;25,26,20,21,22;8,7,13,19;27,28,29,23;10,9,15,14
6,0,8,4;35,29,28,22,16,15,14,13,19,25,26,32;34,33,27,21,20;31,30,24,18,12,6,0,1,2,3,4,5,11,17,23;7,8,9,10
6,0,9,6;12,18,19,20,21,22,23,17;5,4,3;11,10,9,8,2,1,0;24,30,31,32,33,34,35;25,26,27,28,29;16,15,14,13,7,6
6,0,10,5;27,26,20,14,8,2,1;28,22,21,15;3,4,5,11;7,13,19,25;0,6,12,18,24,30,31,32,33,34,35,29,23,17,16,10,9
6,0,11,4;34,35,29,23,22,16,15,14,20;26,25,19,13,7,8,9,10,11,17;33,32,31,30,24,18,12,6,0,1,2,3,4,5;28,27,21
6,0,12,6;13,19,25,24;14,20,26,27;30,31,32,33;28,22,21,15,9,8,7;11,5,4,3,2,1,0,6,12,18;34,35,29,23,17,16,10
6,0,13,4;28,22,16,10;0,1,2,8,14,20;15,9,3,4,5,11,17,23,29,35,34,33,32,31,30,24,18,12;6,7,13,19,25,26,27,21
6,0,14,6;22,28,27;0,6,7,8,9,15,21,20,19;24,18,12,13,14;26,32,33,34,35,29,23,17,11,5;30,31,25;16,10,4,3,2,1
6,0,15,6;28,22,21,15,9,3,4;1,7,13,19,20,26,27;25,31,32,33,34,35,29,23,17,16;5,11,10;0,6,12,18,24,30;14,8,2
6,0,16,6;3,4,5,11,17,23,29;16,10,9;24,30,31,32;20,19,13,7;28,22,21,15,14,8,2,1,0,6,12,18;25,26,27,33,34,35
6,0,17,6;14,8,2,3,4,5;21,15,9,10;11,17,23,29,35,34,33;1,7,13,19,20,26,32,31,30;27,28,22,16;25,24,18,12,6,0
6,0,18,4;28,27,26,25,24,18,12;1,2,8;30,31,32,33,34,35,29,23,17,11,5,4,3,9,15,14;10,16,22,21,20,19,13,7,6,0
6,0,19,5;26,20,14;5,11,17,23,29,35,34;25,19,13,7,8;30,31,32,33,27,21,15,9;24,18,12,6,0,1,2,3,4,10,16,22,28
6,0,20,6;0,1,7,8,9,10,16,22,28,29;24,18,12,6;35,34,33,27,21,20,19,25;30,31,32,26;2,3,4,5,11,17,23;13,14,15
6,0,21,4;25,26,27,21,22,23,29,35;10,9,8,7,13,12;6,0,1,2,3,4,5,11,17,16,15,14,20,19,18;24,30,31,32,33,34,28
6,0,22,6;28,22,16,10,9,3,2,1,0;20,14,8,7,6,12,18;13,19,25,24,30;33,34,35;29,23,17,11,5,4;31,32,26,27,21,15
6,0,23,4;28,22,16,10,9;25,24,18,12,6,0,1,2,3,4,5,11,17,23;7,13,19,20,26,32,31,30;29,35,34,33,27,21,15,14,8
6,0,24,5;16,10,9,8;20,21,22,28,34,33,32,31,30,24,18,12,6,0;19,25,26,27;1,7,13,14,15;35,29,23,17,11,5,4,3,2
6,0,25,6;0,6,7,8,9,10,11,17,23,29,35;16,15,14,20;13,19,25,26,27,21,22;1,2,3,4,5;30,24,18,12;31,32,33,34,28
6,0,26,5;10,16,15,21;25,26,20,14,8,9;22,28,27,33,32,31,30,24;13,7,1,2,3,4,5,11,17,23,29,35,34;19,18,12,6,0
6,0,27,5;14,13,12,18,24,30,31,32,33,34,35,29;19,25,26,27,28;5,11,17,23,22;16,10,4,3,2,1,0;20,21,15,9,8,7,6
6,0,28,4;25,26,27,28,22;9,15,21,20,19,13,7,1;11,5,4,3,2,8,14;10,16,17,23,29,35,34,33,32,31,30,24,18,12,6,0
6,0,29,6;7,13,19;14,20,26,25;17,16,10,9,8;11,5,4,3,2,1,0,6,12,18,24,30,31,32,33,34,35;15,21,22,23;29,28,27
6,0,30,5;4,10,9,8,7,6,12,18,24,30,31,32;5,11,17,16,15,14,13,19,25,26,27,28;20,21,22;33,34,35,29,23;0,1,2,3
6,0,31,4;11,10,9,8,14;24,30,31,32,33,34,35,29,23,17,16,15,21,20;5,4,3,2,1,7,13;0,6,12,18,19,25,26,27,28,22
6,0,32,4;30,31,25;27,21,15,14,13,12,6;0,1,2,3,4,5,11,17,23,29,35,34,33,32,26,20,19,18,24;7,8,9,10,16,22,28
6,0,33,5;7,8,9,10;17,11,5,4,3,2,1,0,6,12,13,14,20,21;23,29,35,34,33,32,31,30,24,18;19,25,26;15,16,22,28,27
6,0,34,6;13,7,8,9;21,27,26;16,22,28,34,33,32;31,30,24,18,12,6,0,1,2,3,4,10;25,19,20,14,15;35,29,23,17,11,5
6,0,35,5;27,28,29,23,17,11,5,4,3,2,1,0,6,12,18,24,30;33,34,35;10,16,22,21;32,31,25,19,13,7,8,9;15,14,20,26
6,0,36,4;29,23,22,16,15,14,13,19,25,26;5,4,3,2,1,0;17,11,10,9,8,7,6,12,18,24,30,31,32,33;20,21,27,28,34,35
6,0,37,5;35,34,33,27,26,25;0,6,12,13,14,15,16,17,23,29;28,22,21,20,19,18,24,30,31,32;11,10,9,8;5,4,3,2,1,7
6,0,38,5;24,30,31,32,33,34,28,22,16,10,9,3,2;15,21,27,26,25;6,12,18,19,20,14,8;0,1,7,13;35,29,23,17,11,5,4
6,0,39,5;11,17,23;29,28,22,16,10,4,5;27,26,25,19,13,7,1,2,3,9,15;8,14,20,21;35,34,33,32,31,30,24,18,12,6,0
6,0,40,4;34,35,29,23,17,11,5,4;30,31,32,26,20,19,13,12,6,0,1,2,3,9,10,16,22,28;7,8,14,15,21,27,33;25,24,18
6,0,41,4;25,26,27,28,22,16,10,9,8,2,1,0;7,13,14;24,30,31,32,33,34,35,29,23,17,11,5,4,3;6,12,18,19,20,21,15
6,0,42,4;35,29,23,17,11,5,4,3;9,10,16,22,28,34,33,32,31,30,24,18,12,6,0,1,2;15,21,27,26,25,19,13,7;8,14,20
6,0,43,6;14,15,16,22,23;8,9,10,11,17;28,27,21,20;29,35,34,33,32,31,30,24,18,12;5,4,3,2,1;0,6,7,13,19,25,26
6,0,44,5;22,16,10,4,3,2;5,11,17,23,29,35,34,33,32,31,30,24,18,12,6;8,14,20,26,27,28;21,15,9;0,1,7,13,19,25
6,0,45,5;11,5,4,3,2,1,7,13,19,25;0,6,12,18,24,30,31,32,26,20,14,8,9,10,16;22,28,34,33;15,21,27;17,23,29,35
6,0,46,5;6,0,1,2,3,4,10,16,22,28,27,33;26,20,21,15,9,8,7;32,31,30,24,18,12;5,11,17,23,29,35,34;25,19,13,14
6,0,47,5;28,22,16,10,9,3;4,5,11,17,23,29,35,34,33,32,31;1,0,6,12,18;2,8,14,15,21,27,26,25,24,30;7,13,19,20
6,0,48,4;35,34,33,32,31,30,24,18,12;1,2,8,14,15;3,9,10,16,22,21,20,19,13,7,6,0;4,5,11,17,23,29,28,27,26,25
6,0,49,5;33,27,28,22,23,17,11,10,9,8,7,13,19,25;16,15,14;29,35,34;21,20,26;32,31,30,24,18,12,6,0,1,2,3,4,5
6,0,50,5;4,3,2,1,0,6,12,18,24,30,31,32,33,34,35;20,14,8,7;9,15,21,27,28,29,23,17;13,19,25,26;22,16,10,11,5
6,0,51,6;7,8,9,15,16;4,3,2,1,0,6,12,18,24,30,31,32,33,27;10,11,5;28,22,21,20,14,13;26,25,19;17,23,29,35,34
6,0,52,5;29,35,34,33,32,31;10,16,15,21,20,26,25,24,30;18,12,6,0;14,8,9,3,4,5,11,17,23,22,28,27;19,13,7,1,2
6,0,53,6;22,21,20,19,25;15,14,13,12,18,24,30,31;16,10,4,3,2,1,0,6;9,8,7;5,11,17,23,29,28,27;26,32,33,34,35
6,0,54,5;5,4,3,2,1,0;20,21,15,9,10,11;24,18,12,6,7,8;22,28,27,26,25,19,13,14;16,17,23,29,35,34,33,32,31,30
6,0,55,4;20,26,32,31,30;24,25,19,13,7,8,9,10,16,22,28;18,12,6,0,1,2,3,4,5,11,17,23,29,35,34,33,27;21,15,14
6,0,56,4;9,8,14,13,19,25,26,27,28,22;5,11,17,23,29,35,34,33,32,31,30,24,18,12,6,0;10,16,15,21,20;7,1,2,3,4
6,0,57,5;14,8,9,3,4,5;7,13,19,25;26,20,21,15,16,10,11;17,23,29,35,34,33,32,31,30,24,18,12,6,0,1,2;27,28,22
6,0,58,6;30,31,32,33,34,35,29,23,17,11,5;0,6,7,8,9;18,19,20,21,15;24,25,26,27,28,22,16,10,4;3,2,1;14,13,12
6,0,59,6;27,28,22,16,10,4,5;32,31,25;13,12,6,0,1,2,3,9,15,21,20,26;33,34,35,29,23,17,11;7,8,14;19,18,24,30
6,0,60,4;34,35,29,23,17,16,15;27,26,25,19,13,7;10,9,8,14,20,21,22,28;33,32,31,30,24,18,12,6,0,1,2,3,4,5,11
6,0,1,5,28;5,4,10,16,22,28,34,35;13,12,6,0,1,2,3,9,15,21,20,26,25;7,8,14;11,17,23,29,28,27,33,32,31,30;24,18,19
6,0,2,5,16:13;34,33,32,26,20,14,13,12,6,0,1,2,3;10,16,22,23,29,35;28,27,21,15,16,17,11,5,4;30,24,18;31,25,19,13,7,8,9
6,0,3,4,20;31,25,19,20,21,22,16,17,11,5,4,3,2,1,0,6;23,29,28,27;10,9,15,14,20,26,32,33,34,35;8,7,13,12,18,24,30
6,0,4,6,27;13,7,8,9,10,11,5;17,23,22,28,27,26,32,31;12,6,0,1,2,3,4;21,27,33,34,35,29;16,15,14,20,19,18;25,24,30
6,0,5,7,28;35,34,28,22;14,13,19,25;33,32,26,20,21,15;27,28,29,23;11,5,4,3,2;17,16,10,9,8,7,1;0,6,12,18,24,30,31
6,0,6,5,16:7;11,5,4,3,2,1,7,13,14;24,25,26,20,21;27,28,22,16,10;30,31,32,33,34,35,29,23,17,16,15,9,8,7,6,0;12,18,19
6,0,7,5,16;34,35,29,23;12,6,0,1,2,3,4,5,11,17,16,15,14,20;28,27,33,32;26,25,19,13,7,8,9,10,16,22,21;31,30,24,18
6,0,8,4,26;19,13,7,8,9,10,16,22,28,29;33,34,35;23,17,11,5,4,3,2,1,0,6,12,18,24,30,31,32,26,20,14,15;25,26,27,21
6,0,9,6,25;27,28,29;35,34,33,32;30,31,25,19,13;16,10,4;7,8,14,20,26,25,24;5,11,17,23,22,21,15,9,3,2,1,0,6,12,18
6,0,10,5,8;2,8,14,20,21;6,12,18,24,30,31;32,33,34,35,29,23,17,11,5,4,3;15,9,8,7,1,0;13,19,25,26,27,28,22,16,10
6,0,11,4,28;35,29,28,27,26,25,24,30;18,12,6,0,1,2,3,4,5,11,17,23;14,15,16;31,32,33,34,28,22,21,20,19,13,7,8,9,10
6,0,12,6,16;31,30,24,18,12,6,0,1;9,10,16,22,28;35,34,33,32,26,25,19,13;27,21,20;2,3,4,5,11;29,23,17,16,15,14,8,7
6,0,13,5,15;35,34,28,27,26,25;6,12,18,24,30,31,32,33;16,15,14,8,2,3,4,5;29,23,22;0,1,7,13,19,20,21,15,9,10,11,17
6,0,14,5,15;22,28,27;17,23,29,35,34,33;26,20,14,15,16,10,11;21,15,9,8,7,13,19,25;32,31,30,24,18,12,6,0,1,2,3,4,5
6,0,15,5,27;9,10,16,22,28,27,26,25;0,6,7,8;1,2,3,4,5,11,17,23,29,35,34;31,32,33,27,21,20,19;30,24,18,12,13,14,15
6,0,16,5,20;33,34,35,29,23,17,11,5,4,3,2,1,0,6,12;9,8,7,13;18,24,30;32,31,25,19,20,21,22;28,27,26,20,14,15,16,10
6,0,17,4,21;11,5,4,3,2,1,0,6,12,18,24,30,31;32,26,25,19,13,7,8,9,10,16,17;28,27,21,15;14,20,21,22,23,29,35,34,33
6,0,18,5,20;3,9,15,21,20,19,13;12,6,0,1,2;30,24,18;5,11,17,23,29,35,34,33,32,31,25;4,10,16,22,28,27,26,20,14,8,7
6,0,19,4,27;23,17,11,5,4,3,2,1,0,6,12,18,24,30,31,32;29,35,34,33,27,21,22,16,10,9,8,7,13;15,14,20,19;25,26,27,28
6,0,20,4,15;29,35,34,33,32,31,30,24,18,12,6,0,1,2,3,4,5,11;10,16,15,14,13,19,25;7,8,9,15,21,22,23,17;20,26,27,28
6,0,21,5,14;22,28,34,35;33,32,31,30,24,18,12,6,0;19,25,26,27;29,23,17,11,5,4,3,2,1,7,13,14,15,21;16,10,9,8,14,20
6,0,22,6,27;23,29,35,34,33,27,21;8,9,10;3,4,5,11,17;25,19,20,14,15,16;6,0,1,2;22,28,27,26,32,31,30,24,18,12,13,7
6,0,23,5,16:7;34,35,29,23,22,16,10,9;0,1,7,13,14,20,21,27,28;24,30,31,32,33;8,7,6,12,18,19,25,26;15,16,17,11,5,4,3,2
6,0,24,5,21;31,30,24,18;13,14,15,21,27;19,25,26,32,33,34,35,29,23,17,16,10,9,8,7;28,22,21,20;11,5,4,3,2,1,0,6,12
6,0,25,5,7;35,34,33,32,31,30,24,18,12,6,7,8,2,3;0,1,7,13,19;21,22,16,10,4;5,11,17,23,29,28,27,26,25;9,15,14,20
6,0,26,6,13:10;34,33,27;18,24,30;28,22,16,10,4,5;15,14,13,12,6,0,1,2,3;32,26,20,21;31,25,19,13,7,8,9,10,11,17,23,29,35
6,0,27,5,20;25,26,20,14,15,16,22,23,29;19,20,21,27,28,34,35;17,11,5,4,3,2,1,0,6,12,18,24,30;13,7,8,9,10;33,32,31
6,0,28,5,20;22,16,10,9,8,7;18,24,30,31,32,33,27,28;14,20,26,25;34,35,29,23,17,11,5,4,3,2,1,0,6,12,13;19,20,21,15
6,0,29,6,27;8,7,13;14,20,19,25;10,16,22,28,27,26;4,5,11,17,23,29,35,34,33,27,21,15;2,3,9;32,31,30,24,18,12,6,0,1
6,0,30,4,25;1,2,3,4,10,16,15,14,13,12,18,24,25,26,27,28,29,35;0,6,7,8,9;34,33,32;5,11,17,23,22,21,20,19,25,31,30
6,0,9,7;5,4,3,9,8,7,6,12,18,24,25;35,29,28,27,26;30,31,32,33,34;21,20,19,13;14,15,16,10,11;0,1,2;17,23,22
6,0,10,7;13,7,8,2;12,6,0,1;3,9,15,21,22;25,26,27,28;23,17,11;14,20,19,18,24,30,31,32,33,34,35,29;16,10,4,5
6,0,11,7;4,3,2,1;0,6,7,8;28,22,16;13,12,18,24,30;5,11,10,9,15,14,20,19,25,31;32,26,27,21;33,34,35,29,23,17
6,0,12,6;2,8,14;29,28,22,16,10;1,0,6,12,18,24,30,31,32;23,17,11,5,4,3;7,13,19,25,26,27,33,34,35;9,15,21,20
6,0,13,6;30,24,18,19,20,14,15;28,22,21;13,12,6,0,1,2,3,4,5,11,17,23,29,35,34;25,31,32;7,8,9,10,16;33,27,26
6,0,14,6;11,17,23,29,35,34,33,32,31,30,24;9,8,14,20,21;22,28,27,26,25,19,18;5,4,10,16,15;12,13,7;3,2,1,0,6
6,0,15,7;31,32,33,27,28,22;30,24,25;26,20,19;18,12,13,7,8,9,10;34,35,29,23;16,17,11,5,4,3,2,1,0,6;21,15,14
6,0,1,5;15,21,20,19,18,24;14,13,12,6,0,1,2,3,4,5,11,17,16;10,9,8,7;30,31,32,33,34,35,29,23;22,28,27,26,25
6,0,2,5;12,6,7,8,9,15,21,20,26,25,24;18,19,13,14;0,1,2,3,4,10,16,22,28,27,33;5,11,17,23,29,35,34;32,31,30
6,0,3,4;5,4,3,2,1,0,6,12,13;21,15,9,8,7;17,23,29,35,34,33,32,31,30,24,18,19,20,14;25,26,27,28,22,16,10,11
6,0,4,5;31,30,24,18,12,6,0,1,2,8,9,15;32,33,34,35,29,23,17,11,5,4,3;14,20,26,27,28;21,22,16,10;7,13,19,25
6,0,5,3;28,34,33,32,31,30,24,18,12,6,0,1,2,3,4,5;11,10,9,8,7,13,19,25,26,27,21,22,23,29,35;17,16,15,14,20
6,0,6,4;5,11,10,16,15,21,20,19,13,7;4,3,9;17,23,29,35,34,33,32,31,30,24,18,12,6,0,1,2,8,14;22,28,27,26,25
6,0,7,4;2,1,0,6,12,13,19,25,26,27,28,22,16;5,4,3,9,15,21;18,24,30,31,32,33,34,35,29,23,17,11,10;7,8,14,20
6,0,8,5;31,30,24,18;5,4,3,2,1,0,6,12,13,14,20,21,27;33,32,26,25,19;35,29,23,17,11,10;7,8,9,15,16,22,28,34
6,0,9,4;0,6,12,13,14,8,9,10,16,22,28,27;25,26,20,21,15;7,1,2,3,4,5,11,17,23,29,35,34,33,32,31;30,24,18,19
6,0,10,5;13,7,8,9,10;30,24,18,12,6,0,1,2,3,4,5,11,17;20,14,15,16,22,23,29,35;28,34,33,32,31;21,27,26,25,19
6,0,11,5;14,15,21;20,26,27,28,22,16,10,9;2,1,0,6,12,18,24,30;31,25,19,13,7,8;3,4,5,11,17,23,29,35,34,33,32
6,0,12,5;34,33,32,26;35,29,23,17,11,5,4,3,2,1,0,6,12,18,24,30;31,25,19,20,21,27;8,9,10;7,13,14,15,16,22,28
6,0,13,6;4,5,11,17,23,29,35;10,16,22,28,34,33,32,31,30,24;19,13,7,8,9;18,12,6,0,1,2,3;14,20,26,25;15,21,27
6,0,14,5;9,3,4,5,11,17,23,29,35;0,1,2,8;6,7,13,14,15,21,27,26,25;24,30,31,32,33,34,28,22,16,10;20,19,18,12
6,0,15,6;17,23,29,35;14,15,16,22,28,34;26,25,24,18,12,6;4,3,2;30,31,32,33,27,21,20,19,13,7,1,0;5,11,10,9,8
6,0,16,6;9,15,21,27,28;26,25,19,13,7,1,0;11,17,23,29,35,34,33;32,31,30,24,18,12,6;5,4,10,16,22;3,2,8,14,20
6,0,17,6;3,9,8,7,13,19,25,26,27,28;2,1,0,6,12,18,24,30,31,32,33,34,35;29,23,22,21;11,5,4;17,16,10;15,14,20
6,0,18,6;5,11,17,16;31,25,19;35,34,28,27;29,23,22,21,15,9,8;10,4,3,2,1,0,6,12,18,24,30;33,32,26,20,14,13,7
6,0,19,5;16,22,28;25,19,13,12,6,0,1,2,3,4,5;18,24,30,31;10,9,15,21,27;11,17,23,29,35,34,33,32,26,20,14,8,7
6,0,20,5;14,20,26,27,28,29,35;34,33,32,31,30,24,18,12,6,0,1;25,19,13,7,8,2,3,4,5,11,17,16;10,9,15;21,22,23
6,0,21,5;3,4,5;25,19,13,7,8;11,17,23,29,35,34,33,32,31,30,24,18,12,6,0,1,2;9,10,16,22,21;28,27,26,20,14,15
6,0,22,5;25,26,27,28,22,16,10,9;15,14,8;1,7,13,19,20,21;24,30,31,32,33,34,35,29,23,17,11,5,4,3,2;0,6,12,18
6,0,23,5;20,14,8,9;3,2,1,7,13,19,25,26;11,17,23,22;0,6,12,18,24,30,31,32,33,34,35;5,4,10,16,15,21,27,28,29
6,0,24,6;15,9,8,7;28,34,35;5,11,17,23,29;33,32,31,30,24,18,12;19,25,26,27;6,0,1,2,3,4,10,16,22,21,20,14,13
6,0,25,5;4,5,11,17,23,29,28,27,21,20,14,13;10,16,22;35,34,33,32,31,30,24,18,12,6,0,1,2,3;7,8,9,15;26,25,19
6,0,26,6;27,21,15,9;35,34,33,32,26,25,19,13;22,16,10;31,30,24,18,12,6,7,8,14,20;2,1,0;28,29,23,17,11,5,4,3
6,0,27,5;1,2,3,4,5,11,17,23,22,28,27,26,25;14,8,9;29,35,34,33,32,31,30,24,18,12,6,0;19,13,7;10,16,15,21,20
6,0,28,5;32,26,27,28;15,14,8,7;13,19,25;20,21,22,16,10,9;33,34,35,29,23,17,11,5,4,3,2,1,0,6,12,18,24,30,31
6,0,29,5;23,17,11,5,4,3,2,1,0,6,12,18,24,30,31,32,26,27;35,34,33;21,20,19,25;15,14,13,7;29,28,22,16,10,9,8
6,0,30,3;30,24,18,19,20,21;5,4,3,2,1,0,6,12,13,14,15,16,22,28,27,26,25;31,32,33,34,35,29,23,17,11,10,9,8,7