6:7,0,31,4;30,36,37,38,39,40;14,15,21,27,33,34;41,35,29,28,22,16,10,9,8,7,13,19,20,26,32;31,25,24,18,12,6,0,1,2,3,4,5,11,17,23
6:7,0,32,6;0,6,7,13;1,2,8,14,20,19,18,12;15,9,3,4,5,11;33,34,28;25,24,30,36,37,38,39,40,41,35,29,23,17;31,32,26,27,21,22,16,10
6:7,0,33,6;0,1,2,3,4,5,11,17,23,29,35,41,40,39,38,37;13,14,15;24,18,12,6,7,8,9,10,16;25,19,20;21,27,26,32,31,30,36;22,28,34,33
6:7,0,34,5;22,28,34,33;14,8,9,10,16,17,23,29,35,41,40,39,38,37,36;15,21,27;30,31,32,26,20,19,13,7,1,2,3,4,5,11;25,24,18,12,6,0
6:7,0,35,5;8,9,10,16,22,28,34;25,19,18,12,6,0;31,32,26,27,21,15;20,14,13,7,1,2,3,4,5,11,17,23,29,35,41,40,39,33;38,37,36,30,24
6:7,0,1,3;21,15,9,3,2,1,0;5,11,17,23,29,35,34,33,32,31,25,19,13;41,40,39,38,37,36,30,24,18,12,6,7,8,14,20,26,27,28,22,16,10,4
6:7,0,1,4;27,26,25,24,30,36,37,38;5,4,3,2,1,7,13,14,15,16,22,28,34,33,32,31;8,9,10,11,17,23,29,35,41,40,39;21,20,19,18,12,6,0
6:7,0,16,7;23,29,35,41,40,39,38,37;4,5,11,17,16,15,21,27,26,25;12,6,0,1;22,28,34,33,32,31;13,7,8,2;14,20,19,18,24,30,36;3,9,10
6:7,0,17,7;26,20,19,13,7;9,10,16,22;39,33,32,31,25;38,37,36,30,24;35,41,40;18,12,6,0,1,2,8,14,15,21,27,28,34;3,4,5,11,17,23,29
6:7,0,18,7;16,10,9;40,39,38,37,36,30;41,35,34,33,32,31,25,24;8,2,3,4,5,11,17,23;27,26,20,19;18,12,6,0,1;29,28,22,21,15,14,13,7
6:7,0,19,6;33,34,28,29;35,41,40,39;10,9,8,7,13,12;25,24,30,36,37,38;18,19,20,14,15,16;31,32,26,27,21,22,23,17,11,5,4,3,2,1,0,6
6:7,0,20,7;31,32,33,39,40,41;21,15,9;5,11,17;18,24,30,36,37,38;29,23,22,16,10,4,3,2,1,0;35,34,28,27,26,20,14,8,7;6,12,13,19,25