7,2,1,6;3,2,1,0,7,14,21,28,35,42;10,9,8,15;25,32,39,38,37,30,23,16;6,5,4,11,18,17,24,31;13,12,19,26,33,40;22,29,36,43,44,45,46,47,48,41,34,27,20
7,2,2,6;0,7,14;24,23,16,9,10,3;4,5,12,19,26,25,32,31,30,29;17,18,11;41,48,47,46,45,44,43,42,35,28,21,22,15,8,1,2;6,13,20,27,34,33,40,39,38,37,36
7,2,3,5;40,33,26;18,25,32,39;0,7,14,21,28,35,42,43,44,45,46,47,48,41,34;27,20,19,12,11,10,17,24,31,38,37,36,29,22,15,8,1;30,23,16,9,2,3,4,5,6,13
7,2,4,7;40,33,26,19,12,11,10,9;18,25,32,39;36,37,38;28,35,42,43,44,45,46,47,48,41,34,27,20,13,6,5,4,3,2;8,15,16,23;1,0,7,14,21,22;17,24,31,30,29
7,2,5,7;23,30,31,32,25,18;15,16,17,24;43,36,37;42,35,28,29,22;44,45,46,47,48,41,34,27,20,19,12,11,10,9,8,7,14,21;38,39,40,33,26;13,6,5,4,3,2,1,0
7,2,6,5;44,37,30,23;26,33,40;0,1,2,3,4,5,12,19,18,25,32,39;42,43,36,29,22,15,16,17,24,31,38,45,46,47,48,41,34,27,20,13,6;35,28,21,14,7,8,9,10,11
7,2,7,5;4,5,12,19,26,33,40,39,38,37,36,29;8,15,22,23,30,31,32,25,18,11,10,3;7,14,21,28,35,42,43,44,45,46,47,48,41,34,27,20,13,6;9,16,17,24;0,1,2
7,2,8,7;20,13,6,5,4;25,32,33;8,15,22,23;9,16,17,18;26,27,34,41,48,47,46,45,44,43,42,35,28,29,30,31,24;36,37,38,39,40;19,12,11,10,3,2,1,0,7,14,21
7,2,9,7;19,12,11,10,9,8,1;42,35,28,21,22,23,24;31,32,33;37,38,39,40,41,34,27;48,47,46,45,44,43,36,29,30;0,7,14,15,16,17,18,25,26;20,13,6,5,4,3,2
7,2,10,7;46,47,48,41;31,38,45,44,43,42,35,28,21,14,15,8;36,37,30;6,13,20,27,34,33,40;39,32,25,26,19,12,5;29,22,23,16,9,10;7,0,1,2,3,4,11,18,17,24
7,8,1,6;47,40,33,26,19,12,11;38,31,24,17,10,3,4,5,6,13,20,27,34,41,48;18,25,32,39,46,45,44,43,42,35,28;0,1,2,9,16,23,30,37;7,8,15;14,21,22,29,36
7,8,2,5;48,47,40,33,26,25,24,23,16;31,32,39,46,45,44,43,42,35,28,21,14,7,0,1,2,3;30,37,38;36,29,22,15,8,9,10,17,18,19,12;41,34,27,20,13,6,5,4,11
7,8,3,5;16,15,14,21,28,35;13,20,27,34,33,40,39,38;6,5,12,19,26,25,32,31,30,37,44,45,46,47,48,41;42,43,36,29,22,23,24,17,10,9,8,7,0;18,11,4,3,2,1
7,8,4,4;6,5,12,19,26,33,40,39,38;0,7,8,9,10,17,24,23,22,29,36,43,44,45,46,47,48,41,34,27,20,13;1,2,3,4,11,18,25,32,31,30,37;16,15,14,21,28,35,42
7,8,5,7;44,43,42,35,28,21,14,7,0,1,2,3,4,5,6,13,20,19;40,33,34,27;45,46,47,48,41;16,17,18;39,32,31,30;26,25,24,23;12,11,10,9,8,15,22,29,36,37,38
7,9,3,6;0,7,8,15,22,23,24;1,2,9,16,17,18,25,26,33,40,47,46,45,44,43,42;14,21,28,35,36,37,38,39,32;31,30,29;19,12,11,10;48,41,34,27,20,13,6,5,4,3
7,9,7,5;7,0,1,2,3,4,5,6,13,20,27,34,41,48,47,46,45,44,43,42;35,28,21,14,15,16,17;37,30,31,32,33,26,19,12,11,10,9,8;36,29,22,23,24,25,18;38,39,40
7,10,1,7;41,40,39,38;22,15,16,17,18;48,47,46,45,44,43,36,29;23,30,37;42,35,28,21,14,7,0,1,2,3,4,5,6;31,32,33,34,27,20,13,12,11,10,9,8;24,25,26,19
7,10,4,6;8,9,10;39,40,33,26,19;43,42,35,28,21,14,7,0,1,2,3,4,5,6;23,30,37,44;36,29,22,15,16,17,24,31,38,45,46,47,48;32,25,18,11,12,13,20,27,34,41
7,15,2,5;24,25,26,33,40,39,38,37,36;45,44,43,42,35,28,21,14,7,0,1,2,3,4,5,12,19,18,17;32,31,30,23,16;6,13,20,27,34,41,48,47,46;29,22,15,8,9,10,11
7,15,6,7;9,10,17,18,25,32,39,46,45,44,43,42,35,28;21,14,15,8;24,31,30;16,23,22;38,37,36,29;48,41,34,27,20,13,6,5;47,40,33,26,19,12,11,4,3,2,1,0,7
7,16,3,7;30,37,38,39,40;22,23,24,31,32,33;29,36,43;8,15,16,17,18,25,26;42,35,28,21,14,7,0,1,2,3,4,5,6,13,20,27;34,41,48,47,46,45,44;9,10,11,12,19
7,16,7,6;26,33,40,39,38,45,44;27,34,41,48,47,46;7,0,1,2,3,4,5,6,13,20;37,30,31,24;42,35,28,21,14,15,8,9,10,11,12,19;43,36,29,22,23,16,17,18,25,32
7,17,3,6;39,38,31,24,17,10;26,27,34,41,48;8,15,22,29,36,43;42,35,28,21,14,7,0,1,2,3,4,11,12,19,20;5,6,13;18,25,32,33,40,47,46,45,44,37,30,23,16,9
7,17,7,6;7,14,21,28,35,36;23,22,15,8,9,10,11,12,19,26,33,40,41;24,31,30,29;48,47,46,45,44,43,42;0,1,2,3,4,5,6,13,20,27,34;37,38,39,32,25,18,17,16
7,18,2,6;22,29,36,37,38,39,40,33,26,19,12;8,1,2,3,4,5,6,13,20,27,34,41,48,47,46,45,44,43,42,35,28;11,18,25,32,31,30;0,7,14,21;15,16,23,24;17,10,9
7,18,4,6;28,29,36,37,38,39,40,41,34,27,26,25;35,42,43,44,45,46,47,48;24,17,16,15,14,7,0,1,2,3,4,5,6,13,20,19;21,22,23,30,31,32,33;18,11,12;10,9,8
7,18,6,6;27,26,19,18,17,16;25,24,23,30,37;38,31,32,33,34;48,41,40,39;20,13,12,11,10,9,8,15,22,29,36;47,46,45,44,43,42,35,28,21,14,7,0,1,2,3,4,5,6
7,18,8,7;47,46,45,44,43,36,29;16,17,10,3,4;6,13,20,19,26;9,8,15,22,23,24,25,18,11,12,5;27,34,33,32,31,30;48,41,40,39,38,37;42,35,28,21,14,7,0,1,2
7,22,1,7;48,47,40;31,30,23,22,15,8,1,2,3,4,5,12,19;16,9,10,11,18;26,25,24,17;33,32,39,38,37,36,29;6,13,20,27,34,41;0,7,14,21,28,35,42,43,44,45,46
7,22,3,8;28,21,22;40,39,38,37,36;35,42,43,44,45,46,47,48,41,34,27,20,19,18,17,16,15;23,24,25,26;2,1,0;14,7,8,9,10,3,4,5;29,30,31,32,33;11,12,13,6
7,22,5,4;41,34,27,20,13,12,11,10,9,8,15,22,29,36,37;24,25,32,39,46,47,48;23,16,17,18,19,26,33,40;6,5,4,3,2,1,0,7,14,21,28,35,42,43,44,45,38,31,30
7,22,7,6;35,28,21,22,23,16;25,18,11,10,9,8,15,14;17,24,31,30,29,36,43,42;6,13,20,27,34,41,48,47,46,45,44;32,33,26,19,12,5,4,3,2,1,0,7;37,38,39,40
7,24,3,5;40,39,38,37,36,29,22,15,8,9,2,3,4,5,6,13,20,27,34;41,48,47,46,45,44,43,42,35,28,21,14,7,0,1;18,25,32,31,30,23,16;24,17,10,11,12;33,26,19
7,24,6,8;46,47,48,41,34,33;43,42,35,28,21,14,7,0;12,11,10,9,16,23;38,45,44;40,39,32,31,30,37,36;27,26,25;24,17,18,19,20;29,22,15,8,1,2,3,4,5,6,13
7,24,9,7;39,32,25;12,11,10,9,16,23,30,29;48,41,34,27,20;26,19,18,17,24,31,38,37,36;15,8,1,2,3,4,5,6,13;28,35,42,43,44,45,46,47,40,33;22,21,14,7,0
7,24,12,5;4,3,2,1,0,7,14,21,28,35,36,37,38;42,43,44,45,46,39,40;16,17,18,19;47,48,41,34,33,32,31,30,29,22,15,8,9,10,11,12,5;6,13,20,27,26,25,24,23
7,25,1,6;39,40,33,26,19;18,11,12;25,24,17,10,3,4,5,6,13,20,27,34,41,48,47,46,45,44,43,42,35,28,29,30;36,37,38,31,32;8,15,22;23,16,9,2,1,0,7,14,21
7,25,2,6;23,24,25,26,27,20,13,6,5,4,3,2,1,0;42,35,36,37,38,31,32,33,40;12,19,18,17,16,15,22,29,30;11,10,9,8,7,14,21,28;47,48,41,34;43,44,45,46,39
7,25,3,6;27,20,13,6,5,4,11,18,17,16;41,48,47,46,45,38,31;12,19,26,33,34;40,39,32,25,24,23,30,37,44,43,42,35,28;15,8,9,10,3;36,29,22,21,14,7,0,1,2
7,25,4,6;37,38,39,40,33,26,19,20;32,31,30,29,36;15,16,17,10,11,12;18,25,24,23,22,21,28,35,42,43,44,45,46,47,48,41,34,27;14,7,0,1;13,6,5,4,3,2,9,8
7,25,5,6;19,12,11,10,17,16,23,30,37;27,34,41,40,39,38;20,13,6,5,4,3,2,9,8,15,22,29,36;1,0,7,14,21,28,35,42,43,44,45,46,47,48;31,24,25,18;32,33,26
7,25,6,7;45,46,47,48,41,34,27,20,13;8,15,22,29,36,35,42;17,10,9,2,1,0,7,14,21,28;6,5,12,19;18,11,4,3;32,31,30;43,44,37,38,39,40,33,26,25,24,23,16
7,27,5,6;35,36,37,38,39,40,33,26,19,12,5,4,3,2,1,0;16,15,22;17,24,23,30,29;7,8,9,10,11,18,25,32,31;14,21,28;42,43,44,45,46,47,48,41,34,27,20,13,6
7,27,6,7;35,42,43,44,45,46,39,40,33;32,31,30,23,22;10,9,8,15,14;7,0,1,2,3,4,5,6,13,20,27,34,41,48,47;16,17,24,25,26,19;12,11,18;38,37,36,29,28,21
7,28,5,6;44,37,38,31,32,25,26;45,46,47,48,41,34,27,20,19,18,17,16,15,22,21,28,35,42,43;14,7,8,9,10,11,12,13;6,5,4,3,2,1,0;33,40,39;36,29,30,23,24
7,28,6,7;9,8,15,22,21,28;27,34,41,48,47,46,45,44,43;32,31,24,23,16;30,37,38,39,40,33,26,25,18,17,10;20,19,12,11;29,36,35,42;14,7,0,1,2,3,4,5,6,13
7,29,2,6;33,32,25,18,17;34,27,26,19,12,11,10,9,16,23,22,21,14,7,0;30,37,36;15,8,1,2,3,4,5,6,13,20;29,28,35,42,43,44,45,46,47,48;24,31,38,39,40,41
7,29,3,5;40,39,38,37,30,23,16;42,35,28,21,14,7,0,1;46,45,44,43,36,29,22,15,8,9,2,3,4,5,6,13,20,27,26;19,18,25,32,33,34,41,48,47;12,11,10,17,24,31
7,33,1,6;42,35,28,21,14,7,8;31,32,25,18,11;3,10,17,24,23,30,37,38,39;4,5,12,19,26,33,40,41,48;47,46,45,44,43,36,29,22,15,16,9,2,1,0;6,13,20,27,34
7,33,6,6;11,18,17,16,23,30,37,36;47,40,33,26,19,12;48,41,34,27,20,13,6,5,4,3,2,1,0,7,14,21,28,29;24,25,32,39,46;22,15,8,9,10;31,38,45,44,43,42,35
7,34,1,5;34,33,26,19,12,11,10,9,8,15,22;44,45,46,47,48;37,38,31,24;43,36,29,30,23,16,17,18,25,32,39,40,41;27,20,13,6,5,4,3,2,1,0,7,14,21,28,35,42
7,36,1,7;29,30,31,32;46,45,44,43,42;28,35,36,37,38,39,40;25,24,23,22,21,14,7,0,1,2,3;34,41,48,47;33,26,27,20,13,6,5,4,11,10,9,8;12,19,18,17,16,15
7,36,5,6;4,11,18,25,32;7,8,9,10,17,24;31,30,23,16,15;0,1,2,3;6,13,20,27,34,41,48,47,46,45,44,43,42,35,28,21,14;5,12,19,26,33,40,39,38,37,36,29,22
7,37,2,5;12,11,10,9,8,15,22,29,30,31,32;4,3,2,1,0,7,14,21,28,35,36,37,38,39,40,33;34,41,48,47,46,45,44,43,42;5,6,13,20,27,26,25,24,23;16,17,18,19
7,39,2,6;45,46,47,48,41,34,27,20,13,6,5,4,3;44,43,42,35,28,21,14,7,0,1,2;16,17,10,11,12,19,26,33,40;37,38,31,24,23,22,15,8,9;30,29,36;39,32,25,18
7,39,4,7;35,36,29,22,15,8;12,19,26,33,40,41,48;37,30,23,16,9;47,46,39,32,25;45,38,31,24,17,18,11,4,5,6,13,20,27,34;28,21,14,7,0,1,2,3,10;44,43,42
7,39,6,5;42,43,44,45,46,47,48,41,34,27,20,13;12,19,26,33,40,39,38,37,36,35,28,21,14;3,10,17;0,1,2,9,16,23,24;6,5,4,11,18,25,32,31,30,29,22,15,8,7
7,39,8,6;5,12,19,18,17,16,23,30,37;36,29,22,15,8,9,10,11,4;26,33,34,41,48,47,46,45,44,43,42,35,28,21,14,7,0,1,2,3;40,39,32;6,13,20,27;25,24,31,38
7,39,10,6;12,11,10,17,16;36,29,30,31,32,33,40;24,25,18,19,20,13,6,5,4,3,2,1,0,7,14,21,28,35;9,8,15,22,23;45,46,47,48,41,34,27,26;42,43,44,37,38,39
7,40,1,5;42,43,36;35,28,29,30,37,44,45,46,47,48,41,34,27,26,19,12,11,10,9;2,3,4,5,6,13,20;8,15,16,17,18,25,32,33;40,39,38,31,24,23,22,21,14,7,0,1
7,40,3,5;31,38,45,46,47,48,41,34,27,20;5,4,3,2,1,0;40,33,26,19,18,17,16,15,22,29,36,35;42,43,44,37,30,23,24,25,32,39;6,13,12,11,10,9,8,7,14,21,28
7,40,5,7;0,1,8,15;7,14,21,22,23,30,31,38,45,44,43,42,35;6,13,20,27,34,41;5,12,19,26,33,40,47,48;28,29,36,37;46,39,32,25,18,11,10;24,17,16,9,2,3,4
7,40,7,7;11,10,9;7,14,21,22,23,24,25;37,38,39,40,41,34,27;18,17,16,15,8,1,0;20,13,6,5,4,3,2;42,35,28,29,30,31,32,33,26,19,12;36,43,44,45,46,47,48
7,44,1,6;18,17,24;28,21,14,7,0,1,2,3,4,5,6,13,20,27;25,26,19,12,11,10,9,8,15,22,29,36;16,23,30,31,32;34,33,40,39,38,37;41,48,47,46,45,44,43,42,35
7,44,2,6;42,43,36,29,22,23,24;16,17,18;15,14,7,0,1,2,3,4,5,6,13,20,27,34,41,48,47,46,45;25,32,31,30,37,44;35,28,21;8,9,10,11,12,19,26,33,40,39,38
7,44,3,7;47,48,41,34,27,20,13,6,5;18,25,32;10,9,8;26,33,40,39,46,45,44,43,42,35;30,23,22;19,12,11,4,3,2,1,0,7,14;21,28,29,36,37,38,31,24,17,16,15
7,44,4,6;11,18,25,32,33,40,41;28,35,42,43,44,45,46,47,48;39,38,37,30,23,16;31,24,17,10,9,8,15;36,29,22,21,14,7,0,1,2,3,4,5,12,19,26;6,13,20,27,34
7,44,5,6;48,41,40,39,38,31,24,25,26,19,20;2,9,8,15,22,29,36,43,44,45,46,47;42,35,28,21,14,7,0,1;37,30,23,16,17,18,11,12;13,6,5,4,3,10;27,34,33,32
7,44,6,8;17,16,15;24,23,22,29,36;37,30,31;38,39,40;18,11,4,3,2,1,0;5,12,19,26;27,20,13,6;10,9,8,7,14,21,28,35,42,43,44,45,46,47,48,41,34,33,32,25
7,44,7,5;21,14,7,0,1,2,3,4,5,6,13,20,27,26,25,18,17,16,23,30,37,44;40,39,38;36,29,22,15,8,9,10,11,12,19;24,31,32,33,34,41,48,47,46,45;43,42,35,28
7,44,8,7;13,6,5,4,3,2,9,8,15,22,29,30,31,32,33,26,19;41,34,27,20;18,25,24,23;1,0,7,14,21,28,35,42,43,44,45,46;36,37,38,39;40,47,48;16,17,10,11,12
7,44,9,6;40,33,26,19,18,11;35,42,43,44,45,46,47,48,41,34,27,20,13,12;6,5,4,3,2,9,8,15,22,21;1,0,7,14;10,17,24,25,32,39,38,37,36,29,28;16,23,30,31
7,44,10,6;39,32,31,24;8,9,16,23,30,37,38;10,11,12,19,20,27,34,41,48,47;15,22,29,36,43,44,45,46;42,35,28,21,14,7,0,1,2,3,4,5,6,13;40,33,26,25,18,17
7,50,4,5;16,17,18,25,26,27;47,48,41,34,33,32,31,38;20,13,6,5,4,3,2,1,0,7,14,21;19,12,11,10,9,8,15,22,29,28,35,42,43,44,45,46,39,40;24,23,30,37,36
7,51,1,6;18,25,32,39;1,2,9,16,17,24,31,38,45;23,30,37,44,43,42,35,28,21,14,7,0;10,3,4,5,6,13,20,27,34,41,48,47,46;8,15,22,29,36;40,33,26,19,12,11
7,51,2,8;14,21,28,29,36;33,40,39,38;0,1,2,3,4,5,12;35,42,43,44,37,30,23,22,15;31,24,17,16;32,25,26,27,20,13,6;7,8,9,10,11,18,19;34,41,48,47,46,45
7,51,3,4;23,22,21,14,7,0;12,19,26,33,40,39,38,37,36,43;32,25,18,11,10,9;42,35,28,29,30,31,24,17,16,15,8,1,2,3,4,5,6,13,20,27,34,41,48,47,46,45,44
7,51,4,4;15,8,9,10,11,12,19,26,33,40;18,25,32,39,38,37,36;42,35,28,29,30,31,24;43,44,45,46,47,48,41,34,27,20,13,6,5,4,3,2,1,0,7,14,21,22,23,16,17
7,51,5,6;30,31,32,39,46;38,37,36,29,22,23;9,10,11,12;0,7,14,21,28,35,42,43,44,45;13,6,5,4,3,2,1,8,15,16,17,24,25,26,33,40;47,48,41,34,27,20,19,18
7,51,6,6;24,23,22,21;6,5,4,3,2,1,0,7,14,15,16,17,18,19;8,9,10,11,12,13;25,32,39,38,37,36;20,27,34,41,48;26,33,40,47,46,45,44,43,42,35,28,29,30,31
7,52,5,6;6,5,4,11,18,17,16,9,8;48,47,40,33,26,19,12,13;41,34,27,20;15,22,29,36,37,38,31;10,3,2,1,0,7,14,21,28,35,42,43,44,45,46,39;32,25,24,23,30
7,52,6,6;20,19,18,17,16;33,32,31,30,29,36;13,12,11,10,9,8,15,22;23,24,25,26,27,34,41,48,47,46,45;40,39,38,37,44,43,42,35,28;21,14,7,0,1,2,3,4,5,6
7,53,1,6;48,47,46;29,22,15,8;38,45,44,43,42,35,28,21,14,7,0,1,2,3,4,5,6,13;18,25,26,33,40,41;39,32,31,24,17,10,11,12,19,20,27,34;36,37,30,23,16,9
7,53,2,6;24,17,10,9;1,2,3,4;28,35,42,43;5,12,11,18,25,32,31,30,23,16,15,8,7,0;19,26,33,40,39,38;6,13,20,27,34,41,48,47,46,45,44,37,36,29,22,21,14
7,56,4,6;26,33,32;5,4,3,2,9,8,15,22,29,36;48,47,46,45,44,43,42,35,28,21,14,7,0,1;31,24,25,18,19;20,13,6;12,11,10,17,16,23,30,37,38,39,40,41,34,27
7,57,3,6;36,37,38,39;15,22,23,24,25,18;29,30,31,32,33,40;34,41,48,47,46,45,44,43,42,35,28,21,14,7,8,9,16,17;26,27,20,13,6,5,4;19,12,11,10,3,2,1,0
7,57,7,6;6,5,12,19,26;37,30,23,16;13,20,27,34,33,32,25,18,11,4,3,2,1,0,7,14,21,28;41,40,39,38,31,24,17,10,9;8,15,22,29,36;35,42,43,44,45,46,47,48
7,58,2,5;23,24,17,10,11,12,19;20,27,34,41,48,47,46,45,44,43,42,35,28,21;26,33,40,39,38,37,36,29,22,15,14,7,0,1,2,3,4,5,6,13;30,31,32,25,18;8,9,16
7,60,3,6;8,9,10,11,12;3,4,5,6,13,20,19,18,17,16,23,30,31,32,33;40,39,38,37,36,29,22,15;14,7,0,1,2;24,25,26,27,34;41,48,47,46,45,44,43,42,35,28,21
7,60,6,7;0,1,2,9,10,17,24,23,22,21,14;16,15,8,7;42,43,36;45,44,37,30,29,28,35;3,4,11,12,19,26,33,40;18,25,32,31,38;39,46,47,48,41,34,27,20,13,6,5
7,60,9,7;38,37,36,29,28,21,14,15,16,17,24,25,26,33,34,41;6,13,12;35,42,43,44,45,46,47,48;5,4,11,10,9,8,7;3,2,1,0;22,23,30,31,32,39,40;27,20,19,18
7,60,12,5;48,47,46,45,44,43,36,29,22,15,8,9,10,11,12,19;31,32,33,34,27;20,13,6,5,4,3,2,1,0,7,14,21,28,35,42;18,17,16,23,30,37,38,39,40,41;24,25,26
7,61,3,6;42,35,28,21,22,23,24,25,18;40,33,32,31,30,29,36,43,44,45;0,1,8,9,10,11,12,19,26,27,34,41,48;47,46,39,38,37;2,3,4,5,6,13,20;17,16,15,14,7
7,61,4,7;46,45,44,43,42,35,28,21,14,7,0,1,2,3,4,5,6,13;16,17,18,25,26;8,9,10,11,12,19,20,27;32,31,24,23;47,48,41,34,33;40,39,38,37,30;36,29,22,15
7,64,2,6;20,13,6,5,4,3,2,1,0,7,14,21,28,35,42,43,44,45,46,47,48,41;8,9,10,11,12;19,18,17,24,31,38,37,36,29,22,15;34,33,40,39;30,23,16;27,26,25,32
7,64,5,5;18,17,16,23,30,37,44,45,46,47,48,41,34,27,26;42,43,36,29,22,15,8,9,10,11,12;19,20,13,6,5,4,3,2,1,0,7,14,21,28,35;40,33,32,25;24,31,38,39
7,64,8,6;24,25,32;19,26,33,40,39,38,31,30;1,2,3,4,5,6,13,20,27,34,41,48,47,46,45,44,37,36,29;43,42,35,28,21,14,7,0;15,8,9,10;12,11,18,17,16,23,22
7,65,5,6;43,36,29,22,15;7,8,9,10,11,12,19,26,27,34,41,48,47;42,35,28,21,14;40,33,32,25,18,17,16,23,30,37,44,45,46;0,1,2,3,4,5,6,13,20;39,38,31,24
7,65,6,7;42,35,28,21,22,23,16,17,18,25,32,33,34,27,20;15,14,7,0,1;40,39,38,37;6,13,12,19,26;8,9,2,3;24,31,30,29,36,43,44,45,46,47,48,41;10,11,4,5
7,65,7,6;16,23,22,29;18,11,12,13;7,0,1,2,3,4,5,6;41,48,47,46,45,44,43,42,35,28,21,14,15,8,9,10,17,24,25,26;30,31,32,33,34,27,20,19;36,37,38,39,40
7,65,8,7;41,34,27;0,1,2,3,4,11,12;23,30,31,32,33,40,47,48;10,9,8,7,14,21,28,35,42,43,44,45,46;36,37,38,39;5,6,13,20,19,18,17,16,15,22,29;24,25,26
7,70,6,6;17,16,15;30,31,32,33,34;8,9,10,11;29,36,37,38,39,40,41;26,27,20,13,6,5,4,3,2,1,0,7,14;12,19,18,25,24,23,22,21,28,35,42,43,44,45,46,47,48
7,70,7,6;46,47,40,33,26,19;6,5,4,3,2,1,0,7,14,15,16;31,30,37;8,9,10,17;21,28,35,42,43,44,45,38,39,32,25,18,11,12,13,20,27,34,41,48;36,29,22,23,24
7,70,8,3;0,7,14,21,22,23,24;1,2,9,10,11,12,19,26,33,40,39,38,37,36;3,4,5,6,13,20,27,34,41,48,47,46,45,44,43,42,35,28,29,30,31,32,25,18,17,16,15,8
7,70,9,4;44,37,36,29,22,15,8,9,10,11,12;23,30,31,38,45,46,47,48;16,17,18,19,26,33;24,25,32,39,40,41,34,27,20,13,6,5,4,3,2,1,0,7,14,21,28,35,42,43
7,70,10,5;30,23,16,9,10,11;5,6,13,20,27,26,25;37,36,29,22,15,8;12,19,18,17,24,31,38,39,40;32,33,34,41,48,47,46,45,44,43,42,35,28,21,14,7,0,1,2,3,4
7,72,1,4;8,15,22,29,36,37,38,39,40;13,12,11,18,25,24,23,16,9,2,1,0,7,14,21,28,35,42,43,44,45,46,47,48,41,34,27;20,19,26,33,32,31,30;6,5,4,3,10,17
7,72,2,4;32,33,34,27,20,13;30,23,16,17,18,11,4,3,2,1,0,7,14,21,28,35,42,43,44,45,46,47;6,5,12,19,26,25,24,31;48,41,40,39,38,37,36,29,22,15,8,9,10
7,72,3,4;45,46,47,48,41,34,27,20,13,6,5,4,3,2,1,0,7,14,15,16;17,18,25,32,31,30,29,36;40,39,38,37,44,43,42,35,28,21,22,23,24;33,26,19,12,11,10,9,8
7,72,4,4;23,22,21,28,35,42,43,44,45,46,47,48,41,34,27,20,13;6,5,4,3,2,1,0,7,14,15,16,17,24,31,30,29,36;8,9,10,11,18,25,32;37,38,39,40,33,26,19,12
7,76,1,4;24,25,26,33,40,47;0,7,14,21,28,35,42,43,44,45,46,39,32,31,30,23,16,9,10,11,12,13;38,37,36,29,22,15,8,1,2,3,4,5,6;17,18,19,20,27,34,41,48
7,78,5,7;21,14,7,0,1,2,3;30,23,16,17,10;48,41,34,27,20,13,6,5,4,11,18,25,24;28,35,42,43,44,45,46;22,15,8,9;47,40,39,38,37,36,29;12,19,26,33,32,31
7,80,2,6;30,37,38;39,40,33,26,19,12,11,4,3;0,7,14,21,22,29,36,43,44,45,46,47,48,41,34,27,20,13,6,5;2,1,8,15,16,23,24,31;42,35,28;32,25,18,17,10,9
7,80,4,6;12,19,26,33,40;34,27,20,13,6,5,4,3,2,1,0,7,14,21,28,29,30,23,16,17;25,18,11,10,9,8,15,22;35,42,43,44,45,46,39,32;47,48,41;36,37,38,31,24
7,80,6,6;22,23,24,17;42,43,44,37,38,39,40,33,26;7,8,9,10,11,12;45,46,47,48,41,34,27,20,13,6,5,4,3,2,1,0;16,15,14,21,28;19,18,25,32,31,30,29,36,35
7,81,2,8;16,15,22,29,36,43,44,45;42,35,28,21,14,7,8;9,2,1,0;37,38,39,46;47,40,33,32,31,30,23;17,18,19,20,13,6,5,4,3;12,11,10;48,41,34,27,26,25,24
7,81,4,5;24,17,10,9,8,15,22,29,36,37,38,39,40,41;16,23,30,31,32;6,13,20,27,34;48,47,46,45,44,43,42,35,28,21,14,7,0,1,2,3,4,11,18,25;5,12,19,26,33
7,84,5,6;0,7,14,21,28;30,31,32;10,11,12,19,26,33,40,39,38,37,36,29;9,16,17,18;23,24,25;22,15,8,1,2,3,4,5,6,13,20,27,34,41,48,47,46,45,44,43,42,35
7,84,6,7;18,11,4,3,2,1,0,7,14,21,28,35,42,43,44,45,46,47,40;39,32,33,34,41,48;23,30,37;38,31,24,25,26,27,20,13,6;36,29,22,15,16,17;10,9,8;19,12,5
7,0,1,6;10,17,24,31,30,29,28,35,42,43,44,45,46,47,48,41,34,27,20,13,6;36,37,38,39,40,33,26,19,12,5,4,3,2,1,0;7,8,9;32,25,18,11;14,15,16;23,22,21
7,0,2,7;13,6,5,4,3,2,1,0,7;26,25,24;47,46,45,38,31,30,23,16,17;12,11,10,9,8,15,22,29,36,37,44;14,21,28,35,42,43;32,33,34,27,20,19,18;48,41,40,39
7,0,3,5;0,1,2,3,10,17,24,25;41,34,27,20,13,12;48,47,46,45,44,43,42,35,28,21,14,7,8;23,30,31,32;9,16,15,22,29,36,37,38,39,40,33,26,19,18,11,4,5,6
7,0,4,5;13,12,19,18,25,32,33,34,41,48,47,46,45,44,37,30,23;35,28,21,14,7,0,1,2,3,4,5,6;16,17,24,31,38,39,40;42,43,36,29,22,15,8,9,10,11;20,27,26
7,0,5,6;40,39,38,31,30,23,16;4,11,18,25,32,33;12,19,26;3,2,1,0,7,14,21,28,35,42,43;5,6,13,20,27;34,41,48,47,46,45,44,37,36,29,22,15,8,9,10,17,24
7,0,6,5;8,9,10,11;18,17,16,15,22,29,36,37,38,39,40;6,13,20,27,34,41,48,47,46,45,44,43,42,35,28,21,14,7,0,1;2,3,4,5,12,19,26,25,24,23;30,31,32,33
7,0,7,6;12,19,26,33,40,47,46,45,38,31,30,23,22,21,28,35,42,43;29,36,37,44;24,17,16;20,27,34,41,48;39,32,25,18,11,10,9,8;15,14,7,0,1,2,3,4,5,6,13
7,0,8,6;24,23,22,21,28,35,42,43,44,45,46,47,40,33,26,19,12,11,4,3,2;48,41,34,27,20,13,6,5;29,30,31,32,25,18;17,10,9,8,1;36,37,38,39;0,7,14,15,16
7,0,9,8;42,43,44,45,46,47,48,41,34,27,26,19,18;6,5,4,3,10,17,24,31,38,39;1,2,9,16,15,14,21,28;0,7,8;22,23,30,37;25,32,33,40;20,13,12,11;29,36,35
7,0,10,5;15,8,9,10,11,12,19,26,25,24,23;18,17,16;22,29,30,31,32,33,34,41,48,47,46,45,44,43,42;2,1,0,7,14,21,28,35,36,37,38,39,40;3,4,5,6,13,20,27
7,0,11,5;37,38,31,24,23;15,8,9,10,11,12,19,26,33,40,47;22,21,28,35,42;14,7,0,1,2,3,4,5,6,13,20,27,34,41,48;30,29,36,43,44,45,46,39,32,25,18,17,16
7,0,12,5;9,2,3,4,5,6,13,20,27,34,41,48,47,46,45,44,43,42,35,28,29;10,11,12,19,26,33,40,39,38,37,36;18,17,24;25,32,31,30,23,16,15,8,1;22,21,14,7,0
7,0,13,6;20,27,34,41,48,47,46,45,44,43,42,35,28,21,14,7,0,1;36,29,30,31,32,33,26;3,2,9,8,15,22,23,24,25,18;19,12,11,10,17,16;13,6,5,4;40,39,38,37
7,0,14,6;15,8,9,10,11,12,13,20,27,34,41,48,47,46,45,44,37,36;16,17,24,31,30,29,28,35,42,43;26,33,40,39,38;2,1,0,7,14,21,22,23;19,18,25,32;3,4,5,6
7,0,15,6;19,12,11,10,17,16;18,25,24,23,30,29,28,21,14,7,0,1;34,41,48;43,44,45,46,39,32,31;22,15,8,9,2,3,4,5,6,13,20,27,26,33,40,47;38,37,36,35,42
7,0,16,5;25,24,23,30,37;6,5,4,3,2,1,0,7;42,35,28,21,14,15,16,17,18,19,26,33,40;32,31,38,45,44,43,36,29,22;8,9,10,11,12,13,20,27,34,41,48,47,46,39
7,0,17,7;4,5,6;3,10,11,12,13,20,27,34;46,47,48,41;38,31,24,17,18,19,26,33;45,44,43,42,35,28,21,14,7,0,1,2,9,16,23,30;8,15,22,29,36,37;40,39,32,25
7,0,18,4;26,27,34,41,48;6,13,12,11,10,9,8,15,22,29,36,37,38,39;5,4,3,2,1,0,7,14,21,28,35,42,43,44,45,46,47,40,33,32,31,30,23,16,17;24,25,18,19,20
7,0,19,7;0,7,14,21,28,29,36;2,3,4,5,6,13,20,27,34,41,40,39,32,25,18;35,42,43,44,37,38,31,24;30,23,22,15;16,17,10,11,12,19,26,33;9,8,1;45,46,47,48
7,0,20,5;41,40,33,32;6,13,20,27,34;5,12,19,26,25,24,31;39,38,37,36,29,22,15,8,9,10;48,47,46,45,44,43,42,35,28,21,14,7,0,1,2,3,4,11,18,17,16,23,30
7,0,21,6;36,29,30,31,32;16,17,18;9,8,15,22,23,24,25,26,19;12,11,10,3,2,1,0,7,14,21,28,35,42,43,44,45,46,47,48,41,34,33;37,38,39,40;27,20,13,6,5,4
7,0,22,5;48,47,46,45;44,43,42,35,28,21,14,7,0,1,2,3,4,5,6,13,20,27,26,25,24;40,39,38,37,30,23,16,17,18,19;36,29,22,15,8,9,10,11,12;41,34,33,32,31
7,0,23,6;38,37,36,29,28,21;8,9,16,17,24,25;12,5,4,3,2,1,0,7,14,15,22,23,30;31,32,33,26,19,18,11,10;39,40,41,34,27,20,13,6;48,47,46,45,44,43,42,35
7,0,24,6;0,7,14,21,22,29,36;39,38,37,30,23,16,9,10,11,12;25,18,19,20,13,6,5,4,3,2,1,8,15;47,40,33,32,31,24,17;28,35,42,43,44,45,46;48,41,34,27,26
7,0,25,6;1,2,3,4,5,6,13,20,27,34,41,48,47;46,39,40,33;8,7,0;35,42,43,44,45,38,31,32,25,26,19,12,11,10,9,16,15,14,21;18,17,24,23,22,29,28;36,37,30
7,0,26,6;38,37,36,35,42;16,17,18,19;43,44,45;12,11,10;47,40,33,26,25,24,23,22,15,8,9;48,41,34,27,20,13,6,5,4,3,2,1,0,7,14,21,28,29,30,31,32,39,46
7,0,27,5;35,36,37,38,39,40,33,26,19,18,17,16,15,8,1;32,25,24,23,22;2,3,4,5,6;0,7,14,21,28,29,30,31;42,43,44,45,46,47,48,41,34,27,20,13,12,11,10,9
7,0,28,5;23,22,29,36,37,38,39,40,33,26,19,12;18,11,4,3;30,31,32;8,15,16;25,24,17,10,9,2,1,0,7,14,21,28,35,42,43,44,45,46,47,48,41,34,27,20,13,6,5
7,0,29,6;36,37,38,39,40,33;26,25,32,31,30,29,28,21,14,7,0,1,2,3,4,5,6;13,20,27,34,41,48,47,46,45,44,43,42,35;24,23,22;8,9,10,11,12;19,18,17,16,15
7,0,30,7;19,26,33,40,39;6,5,4;41,34,27,20,13,12,11,18;37,36,35,28,21,14,7,0,1,2,9,16,23;3,10,17,24,25,32;48,47,46,45,44,43,42;38,31,30,29,22,15,8
7,0,1,6;20,27,34,41,48,47,46,45,44,43,42;40,39,32,25,18,11,4,5,6,13;7,0,1,2,3,10,17,24,31,30,29,22,15;8,9,16,23;14,21,28,35,36,37,38;33,26,19,12
7,0,2,6;6,5,4,11;29,22,23,24,25,26,27,20;40,39,38,45,44,43,42,35,28,21,14,15,16,17,18,19,12,13;46,47,48,41,34,33,32,31,30,37,36;9,8,7;10,3,2,1,0
7,0,3,6;36,37,38,39,40,41,34,27,20,13,6;3,10,11,18,25,24;23,22,15,8,1,0;7,14,21;4,5,12,19,26,33,32,31,30,29,28,35,42,43,44,45,46,47,48;2,9,16,17
7,0,4,6;8,9,16,17,24;32,25,18,11,10;44,37,36,29;43,42,35,28,21,14,7,0,1,2,3,4;5,6,13,20,27,34,41,48,47,46,45,38,31,30,23,22,15;12,19,26,33,40,39
7,0,5,5;33,32,25,24;46,45,44,37,36,29,22,15,8,9,10;6,5,4,3,2,1,0,7,14,21,28,35,42,43;20,13,12,11,18,17,16,23,30,31,38,39,40,47,48;19,26,27,34,41
7,0,6,7;11,10,9,8,15,14,21;36,37,30,31,24,17,18;42,43,44,45,38,39,32,25,26,19,12,5,6;4,3,2,1,0,7;48,41,34,27,20,13;46,47,40,33;35,28,29,22,23,16
7,0,7,6;28,35,42,43,44,45,46,47,48,41,34,27,20,13;7,8,15,16,17,24,25,26,19,12,5,6;23,30,31,32,33,40;4,3,2,1,0;39,38,37,36,29,22,21,14;18,11,10,9
7,0,8,6;39,32,25;19,18,17,24;34,41,48,47,46,45,44,37,36,29,22;40,33,26,27,20,13,6,5,4,3,2,1;12,11,10,9,8,7,0;38,31,30,23,16,15,14,21,28,35,42,43
7,0,9,5;38,39,32,25,18,11,10,9,8;31,24,17,16,15,22,29,36,35;48,41,34,27,20,13,6,5,4,3,2,1,0,7,14,21,28;12,19,26,33,40,47,46,45,44,43,42;23,30,37
7,0,10,6;30,29,28,35,42;23,22,21,14,7,0,1,2,3,4,5,6,13,20,27,34,41,40,39;16,17,18,25,32;36,43,44,45,46,47,48;37,38,31,24;15,8,9,10,11,12,19,26,33
7,0,11,6;12,11,10,9,8,15,22,29,36;30,23,16,17,18,19;48,41,40,39;31,32,33,34;45,46,47;24,25,26,27,20,13,6,5,4,3,2,1,0,7,14,21,28,35,42,43,44,37,38
7,0,12,7;33,32,25,18,17,16;42,43,44,45,46,47,48;20,13,6,5,4,3,2,1,0,7,14,21,28;9,10,11,12,19,26,27;35,36,37,30,23;8,15,22,29;24,31,38,39,40,41,34
7,0,13,5;8,9,10,11,12,19,26,33,40,39,38,45,44,43,42;21,28,35,36,37,30,31,32;18,17,16,15,14,7,0,1,2,3,4,5,6,13,20,27;25,24,23,22,29;46,47,48,41,34
7,0,14,6;25,24,23,22,21,14;28,29,30,31,32;6,5,4,3,2,1,0;9,10,11,18,19,26,33,40,39,38,37,36,35;7,8,15,16,17;12,13,20,27,34,41,48,47,46,45,44,43,42
7,0,15,5;38,31,32,33,26,19,12,11,10,9,8;37,30,23,24,25,18;41,40,39;36,29,22,15,16,17;48,47,46,45,44,43,42,35,28,21,14,7,0,1,2,3,4,5,6,13,20,27,34
7,0,16,5;12,13,20,27;6,5,4,11,18,19,26,33,34,41,48,47,46,45,38,31,30,23,16,9;14,21,28,35,42,43,44;7,0,1,2,3,10,17,24,25,32,39,40;37,36,29,22,15,8
7,0,17,7;43,44,37,30;28,21,14,7,0;16,17,24,31,38,45,46,47,48;23,22,15,8,1,2,3,4,5,6,13,20,27,34;42,35,36,29;41,40,33,26,19,12,11,10,9;39,32,25,18
7,0,18,8;5,4,3;6,13,12;44,43,42,35,28,21,14;0,1,2,9,16,17,24,25,26,27,34,41,48,47,46;39,38,45;29,36,37;10,11,18,19,20;7,8,15,22,23,30,31,32,33,40
7,0,19,7;24,31,38,39,46,47,48,41,34,27;6,5,4,3,10,17;42,43,44,45;26,19,20;8,15,22,29,28;40,33,32,25,18,11,12,13;21,14,7,0,1,2,9,16,23,30,37,36,35
7,0,20,7;24,17,16;4,3,2,1,0,7,14,21,28,35,42,43,44,45,46,47;5,6,13,20,27,26,33;48,41,34;12,19,18,25,32,31,30,23,22;11,10,9,8,15;29,36,37,38,39,40
7,0,21,8;41,40,39,38,31;43,42,35,28,21,14,7,0,1;30,23,24,25;18,11,4;5,6,13,20,27,34;32,33,26,19,12;3,2,9,8;48,47,46,45,44,37,36,29,22,15,16,17,10
7,0,22,6;42,43,44,37,30,23,24;16,17,18,19,26,33,40;31,38,45;47,48,41,34,27,20,13,6,5,4,3,2,1,0,7,14,21,28;12,11,10,9,8,15,22,29,36,35;25,32,39,46
7,0,23,7;30,37,44,43,42,35,28,21,14,15;23,22,29,36;31,32,33,26,19,12;46,47,48,41,34,27,20,13,6,5,4,11,18,25,24;16,9,8,7,0;45,38,39,40;1,2,3,10,17
7,0,24,7;28,35,42;43,44,37,30,23,16,15,8;27,20,13,6,5,4,3;41,40,39,32,25,18;21,22,29,36;34,33,26,19,12,11,10,9,2,1,0,7,14;48,47,46,45,38,31,24,17
7,0,25,6;22,29,36,37,38,39,40;33,26,19,12,11;47,48,41,34,27,20,13,6,5,4,3,2,1,0,7;17,16,23,30,31,32;18,25,24;10,9,8,15,14,21,28,35,42,43,44,45,46
7,0,26,6;30,37,38;25,26,33,40;42,35,28,21,14,7,0,1,2,3,4,5;12,11,10,9,16,23;6,13,20,27,34,41,48,47,46,45,44,43,36,29,22,15,8;19,18,17,24,31,32,39
7,0,27,7;0,1,2,3,4,5,6,13,20,19,18,25,24,23,30,37;41,34,27,26;43,44,45,46,39;40,47,48;12,11,10,17,16,15,22,29,36,35,42;38,31,32,33;9,8,7,14,21,28
7,0,28,5;37,30,23,24,25;42,35,28,21,14,7,0,1,2,3,4,5,6,13,20,27,34,41,48,47;16,17,18,19,26;33,40,39,46;32,31,38,45,44,43,36,29,22,15,8,9,10,11,12
7,0,29,6;40,33,26,19,12,11,10;1,2,3,4,5,6,13,20,27,34,41,48,47,46,45,44,43,42,35;24,31,30;28,29,36,37,38,39,32,25,18,17,16;23,22,15,8,9;0,7,14,21
7,0,30,5;8,15,22,29,36,37,38,39,40,33,26,19,12,13,6;18,11,4,5;20,27,34,41,48,47,46,45,44,43,42,35,28,21,14,7,0,1,2;25,24,17,10,3;32,31,30,23,16,9
7,0,31,6;14,7,0,1,2;48,41,34,27,20,13;6,5,12,19,26,25,24,31,30;32,39,38,37,36,29,22,15,8,9,10,3,4;21,28,35,42,43,44,45,46,47,40,33;11,18,17,16,23
7,0,32,6;7,14,21,28,35;48,41,34,27,26,19,12,11;42,43,44,37,30,23,16;18,25,32,33,40,47,46,45;36,29,22,15,8,9,10,17,24,31,38,39;0,1,2,3,4,5,6,13,20
7,0,33,6;7,0,1,2,3,4,5,6,13,20,27,26,33,40;34,41,48,47,46;28,21,14,15,8,9,10,11,12;35,36,29,22,23,16;37,30,31,24,17;19,18,25,32,39,38,45,44,43,42
7,0,34,7;34,27,26,19,12;48,41,40,33,32,25,18,11;23,30,37;10,9,8,15,22,29,36,43,44,45,46,47;39,38,31,24,17,16;4,5,6,13,20;3,2,1,0,7,14,21,28,35,42
7,0,35,7;18,19,20,27,34,41,48,47,46,45,44,43,42,35,28,29,22;6,13,12,11,10,17,24;21,14,7;32,31,30,23;15,8,1,0;16,9,2,3,4,5;25,26,33,40,39,38,37,36
7,0,36,5;1,0,7,14,15,16,17,10;40,39,38,37,36,29,22,23,24,25,18,11;21,28,35,42,43,44,45,46,47,48,41,34,27,20;13,12,19,26,33,32,31,30;6,5,4,3,2,9,8
7,0,37,5;43,44,45,46,47,48,41,34,27,26,25,32,31;6,13,20,19,18,17,16;5,12,11,10,9,8,15,22,23,24;30,29,28,21,14,7,0,1,2,3,4;42,35,36,37,38,39,40,33
7,0,38,6;16,23,30;8,9,10,17,24,31,32,39;40,33,26,25,18;13,6,5;46,47,48,41,34,27,20,19,12,11,4,3,2,1,0,7,14,15,22,29,36,37,38;21,28,35,42,43,44,45
7,0,39,7;0,1,8,15,22,29,36,37,38,39,40;23,16,17,18;7,14,21,28,35,42,43,44,45,46,47;12,11,10;48,41,34,33,32,31,30;9,2,3,4,5,6,13,20,19;27,26,25,24
7,0,40,5;15,8,9,10,11,12,19,26,33,40;30,31,24;23,22,21,14,7,0,1,2,3,4,5,6,13,20,27,34,41,48,47;16,17,18,25,32,39,38,37,36,29,28;46,45,44,43,42,35
7,0,41,7;15,8,1;13,12,19,26,33,32,31,30;3,10,17;20,27,34,41,48,47,46,45,44,43,42,35,28;40,39,38,37,36,29,22,21;6,5,4,11,18,25,24,23,16,9,2;14,7,0
7,0,42,5;37,36,29,22,15,8,9,2,3,4,5,6,13,20,27,34,41,48,47,46,45;32,31,38;30,23,24,25,18;16,17,10,11,12,19,26,33,40,39;44,43,42,35,28,21,14,7,0,1
7,0,43,5;22,23,24,25,18;33,26,19,12,11,10,9,8;29,30,31,32;36,37,38,39,40,41,34,27,20,13,6,5,4,3,2,1,0,7;48,47,46,45,44,43,42,35,28,21,14,15,16,17
7,0,44,5;25,18,11,4,5,6,13,20,27,34,41,48,47,46,45,44,43,42,35,28,21,14;12,19,26,33;40,39,38,37,30,23,16,9,8,7;0,1,2,3,10,17,24,31,32;36,29,22,15
7,0,45,6;17,16,23,30,29,28,35,42;12,19,26,33,34;41,40,39,32,25,18,11,10,9,8,15,22;27,20,13,6,5,4,3,2,1,0,7,14,21;36,43,44,45,46,47,48;37,38,31,24
7,0,46,7;19,18,11,4,5;8,15,22,29,36,37;6,13,12;38,39,40,41,34;9,16,23,30,31,32,33;20,27,26,25,24,17,10,3,2;1,0,7,14,21,28,35,42,43,44,45,46,47,48
7,0,47,6;19,12,11,10,9,8,15;14,21,28,35,42,43,44,45,46,47,48,41,34;18,17,16;22,29,36,37,38,39,40;23,24,25,26,27,20,13,6,5,4,3,2,1,0,7;30,31,32,33
7,0,48,7;7,0,1,2,3,4,5,6,13;42,35,36,29,22;48,47,46,45,44,43;41,40,33,26,25,18;17,24,31,32,39;8,9,10,11,12,19,20,27,34;28,21,14,15,16,23,30,37,38
7,0,49,5;16,15,8,1;5,6,13,20,27,34,41,48,47,46,45,44,37,30,31,32,25,18;38,39,40,33,26,19,12,11,4,3;42,35,28,21,14,7,0;43,36,29,22,23,24,17,10,9,2
7,0,50,7;17,16,15,8;29,30,31,32,25,18,19;42,35,28,21;37,38,39,40,33,26;36,43,44,45,46,47,48,41,34,27,20,13,6,5,4,3,2,1,0,7,14;24,23,22;12,11,10,9
7,0,51,4;35,42,43,44,45,46,47,40,33,26,19,12,11,10,9,8,15;24,31,30,29,28;48,41,34,27,20,13,6,5,4,3,2,1,0,7,14,21;36,37,38,39,32,25,18,17,16,23,22
7,0,52,7;11,4,5,6,13,20,27,34,33,32;9,16,17,18;31,24,25,26,19,12;30,23,22,15,8;43,42,35,28,21,14,7,0,1,2,3,10;48,47,46,45,44,37,36,29;41,40,39,38
7,0,53,6;30,31,32;15,14,21,28,35,36,37,38,39,40,33,26,19,12;42,43,44,45,46,47,48,41,34,27,20,13,6,5,4,3,10,17;0,7,8;16,9,2,1;29,22,23,24,25,18,11
7,0,54,4;36,29,22,15,8,9,10,11,12,19,26,33;48,47,46,45,38;25,18,17,16,23,30,37,44,43,42,35,28,21,14,7,0,1,2,3,4,5,6,13,20,27;34,41,40,39,32,31,24
7,0,55,6;4,5,12,19,26;23,30,37;0,1,2,3;22,29,36,43,44,45,46,47,48,41,34,27,20,13,6;7,8,9,10,11,18,25,32;33,40,39,38,31,24,17,16,15,14,21,28,35,42
7,0,56,6;21,28,35,36,37,38,39,40,41,34,27,26,25;33,32,31,30,29;18,19,20,13,6,5,4,3,2,1,0,7,14,15,22,23;24,17,10,11,12;48,47,46,45,44,43,42;16,9,8
7,0,57,7;41,48,47,46,45;36,29,22,15,8,9,10,11,12,19,20;42,35,28,21,14,7,0,1,2,3,4,5,6,13;32,33,40;43,44,37,38,39;24,25,26,27,34;18,17,16,23,30,31
7,0,58,6;16,17,18,19;43,44,45,46,47,40,33,26,25,24,23,22,21,14,7,0,1;12,11,10;36,37,38;15,8,9,2,3,4,5,6,13,20,27,34,41,48;42,35,28,29,30,31,32,39
7,0,59,6;48,47,46,45,44;14,7,0,1,2,3,4,5,6,13,20,27,34,41,40,39,38,37,36;10,17,16;15,8,9;18,25,24,23,22,21;43,42,35,28,29,30,31,32,33,26,19,12,11
7,0,60,5;40,33,26,19,12,11,10,17,24;9,16,23,30,31,38,45,46,47,48;0,7,14,21,28,35,42,43,44;41,34,27,20,13,6,5,4,3,2,1,8,15,22,29,36,37;18,25,32,39
7,0,61,5;40,39,38,37,36;13,6,5,4,3,2,1,0,7,14,21,28,35,42,43,44,45,46,47,48,41,34,27,26,25,24,23;33,32,31,30,29,22,15,8,9,10,11;16,17,18;12,19,20
7,0,62,6;48,47,46,45,44;24,23,30,37,38,39,40,41;43,42,35,28,21,14,7,0,1,2,3,4,5,6,13,20,27,34;33,32,31;36,29,22,15,16,17,18;25,26,19,12,11,10,9,8
7,0,63,7;6,5,4,3,2,1,0,7,14,21,28,35,42,43,44,45,46,47;37,30,23,24,25,26;19,18,17,16;34,27,20,13,12;31,32,33;38,39,40,41,48;11,10,9,8,15,22,29,36
7,0,64,5;30,31,32,25,18;21,28,35,42,43,44,45,46,47,48,41,34,27,20,13,6,5;24,17,10,9,8;16,23,22,29,36,37,38,39,40,33,26,19;12,11,4,3,2,1,0,7,14,15
7,0,65,7;40,33,26,25,24,17,16,15,14,7,0;44,45,38;9,10,11,4,5,6,13,20,27,34,41,48,47,46,39,32,31,30,23;8,1,2,3;21,28,35,42,43;22,29,36,37;12,19,18
7,0,66,6;19,12,11,10,9,8;37,30,23,16,17,18,25;40,39,38;21,28,29,36;35,42,43,44,45,46,47,48,41,34,33,32,31,24;26,27,20,13,6,5,4,3,2,1,0,7,14,15,22
7,0,67,7;4,5,6,13,20,27,34,41,48;23,22,21,28,35,42;45,46,39,32,25,26,19,12,11,10,3,2,1,0,7,14,15;43,36,29,30,31,24,17,18;33,40,47;16,9,8;44,37,38
7,0,68,6;24,31,32,33;6,5,4,11;13,12,19;10,3,2,1,0,7,14,21,28,35,42,43,44,45,46,47,48,41,34;40,39,38,37,36,29,22,15,8,9;30,23,16,17,18,25,26,27,20
7,0,69,5;28,35,42,43,44,45,38,39,40,33,26,19,12,11,4,3,2;46,47,48,41,34,27,20,13,6,5;15,16,23,24;7,14,21,22,29,36;0,1,8,9,10,17,18,25,32,31,30,37
7,0,70,5;21,28,35,42,43,44,45,46,47,48,41,34,27,20,13,6,5,4,11,18,25,24,23;32,31,30;17,16,9,8;12,19,26,33,40,39,38,37,36,29,22,15,14,7,0;1,2,3,10
7,0,71,6;2,1,0,7,14,21,28,29,36;35,42,43,44,37,38,39,40;10,17,16;24,25,18,11,4,3;45,46,47,48,41,34,27,20,13,6;9,8,15,22,23,30,31,32,33,26,19,12,5
7,0,72,6;40,33,26;8,15,22,29,36,37,38,39,32,25,18,19;31,24,17,10,9;30,23,16;13,6,5;12,11,4,3,2,1,0,7,14,21,28,35,42,43,44,45,46,47,48,41,34,27,20
7,0,73,6;48,41,40;14,7,0,1,2,3,4,5,12,19,18,17,16,23,30;37,36,29,22,15,8,9,10,11;43,42,35,28,21;44,45,38,31,24,25,26,27,20,13,6;34,33,32,39,46,47
7,0,74,7;18,17,16,15,22;25,24,23,30,29;19,12,11,10,9,8;38,39,40,41,34,27,20,13,6,5,4,3,2,1,0,7;26,33,32,31;42,43,44,45,46,47,48;14,21,28,35,36,37
7,0,75,6;46,47,48,41,34;20,13,6,5,4,3,2,1,8,15,22,29,36;39,40,33;19,12,11,10,9,16,23,30,37;27,26,25,32,31,38,45,44,43,42,35,28,21,14,7,0;18,17,24
7,0,76,5;12,11,10,9,8;48,47,40,33,26,25;21,22,29,36,37,38;30,23,16,15,14,7,0,1,2,3,4,5,6,13,20,27,34,41;19,18,17,24,31,32,39,46,45,44,43,42,35,28
7,0,77,6;0,7,14,21;36,37,38,45,46,47,40,33;20,13,6,5,4,3,2,1,8,15,22,29,28,35,42,43,44;39,32,25;48,41,34,27,26,19,12,11,10,9,16,23,30;31,24,17,18
7,0,78,5;6,13,12,19,26,33,40,47,46,45,44,43,42,35,28;16,17,24,25,32,39,38,37,36,29;20,27,34,41,48;18,11,10,9,8,15;31,30,23,22,21,14,7,0,1,2,3,4,5
7,0,79,6;22,29,36,43;24,31,30,37,44;40,33,26,19,12,11,10,9,8;42,35,28,21,14,15,16,23;38,45,46,47,48,41,34,27,20,13,6,5,4,3,2,1,0,7;39,32,25,18,17
7,0,80,5;11,10,9,8,15,22,29,36,37,38;6,13,20,19,18,17,16,23,30,31,32;41,48,47,46,45,44,43,42,35,28,21,14,7,0,1,2,3,4,5,12;39,40,33,34;27,26,25,24
7,0,81,5;7,0,1,2,3,4,5,6,13,20,27,34,41,48,47,46,45,38,31;19,12,11,10,9,8;36,29,22,23,24;33,26,25,18,17,16,15,14,21,28,35,42,43,44,37,30;32,39,40
7,0,82,6;0,7,14,21,28,35,42,43,44,45,46,47;19,18,17,16,15,8,1;40,39,38,37,36,29,22,23,24,25,26,27,20,13,6;11,10,9;48,41,34,33,32,31,30;2,3,4,5,12
7,0,83,5;44,45,46;24,31,32,39;40,33,26,19,12,11,10,9,8,15,22,29,36,37,38;25,18,17,16,23,30;47,48,41,34,27,20,13,6,5,4,3,2,1,0,7,14,21,28,35,42,43
7,0,84,7;8,15,14,21,28,35,36;42,43,44,45,46,47,48,41,34;38,31,32,25,26,19,12,11,10,9,16,23;18,17,24;27,20,13,6,5,4,3,2,1,0,7;22,29,30,37;39,40,33
7,0,85,6;28,35,42,43,44,45,46,47,48,41,34,27,20,13,6;40,33,26,19,12,5;21,22,29,36;38,39,32,25,18,11,4,3,2,1;0,7,14,15,16,23,30,37;31,24,17,10,9,8
7,0,86,6;32,33,34,41,48,47,46,45,44,43,42,35,28,29,22,15,8,1,2,3,4;40,39,38,37,36;25,26,27,20,13,6,5;11,10,9,16,23,30;0,7,14,21;12,19,18,17,24,31
7,0,87,6;26,25,18,11,10;23,30,37,38,39,40;9,8,15,22,29,36,35;16,17,24,31,32,33;42,43,44,45,46,47,48,41,34,27,20,13,6;19,12,5,4,3,2,1,0,7,14,21,28
7,0,88,5;16,17,18,11,4,3;5,12,19,26,33,40,39,38,37,36,29,22,23,24;10,9,8,15,14,21,28,35,42,43,44,45,46,47,48,41,34,27,20,13,6;2,1,0,7;25,32,31,30
7,0,89,4;12,19,26,33,40,39,38,37,36,29;24,17,16,15,8;14,21,28,35,42,43,44,45,46,47,48,41,34,27,20,13,6,5,4,3;22,23,30,31,32,25,18,11,10,9,2,1,0,7
7,0,90,6;24,17,10,9,8,1;2,3,4,5,6,13,20,27,34,41,48,47,46,45,44,43,42,35,28,21;40,39,38,37,36,29,22;15,16,23,30,31,32,25,18,11;12,19,26,33;14,7,0
7,0,91,6;40,33,26,19,12,11;29,30,31,24;4,5,6,13,20,27,34,41,48,47,46,45,44,43,42,35;0,7,14,15;28,21,22,23,16,9,8,1;36,37,38,39,32,25,18,17,10,3,2
7,0,92,8;6,13,20,27,34;10,17,24,31;28,21,14,7,0,1,2,3,4,11,18,25,26,33,40,41;32,39,38;36,37,30,23,16,9;5,12,19;48,47,46,45,44,43,42,35;29,22,15,8
7,0,93,8;17,18,11,12,13,6;44,45,46,47,48,41,34,27,20,19;9,16,23,24;43,42,35,28,21,14,7,0,1,2;26,33,40,39,38;36,37,30,31,32,25;29,22,15,8;10,3,4,5
7,0,94,6;30,23,16;34,41,48,47,46,39,38,31,24;40,33,32,25,18,17;45,44,43,42,35,28,21,14,7,0,1,2,3,4,5,6,13,20,27,26;37,36,29,22,15,8,9;10,11,12,19
7,0,95,5;18,25,32,31,30,23,22;2,3,4,5,6,13,20,27,34,41,48,47,46,45,44,43,42,35,28,21;14,7,0,1;8,15,16,17,24;9,10,11,12,19,26,33,40,39,38,37,36,29
7,0,96,4;13,12,11,10,9,8;6,5,4,3,2,1,0,7,14,15,16,17,18,19,20,27,34,41,48,47,46,45,44,43,42,35;24,25,26,33,40,39,38,37,36,29,28;21,22,23,30,31,32
7,0,97,7;5,6,13;31,24,25,18;40,47,48;3,4,11,12,19,20,27,34,41;26,33,32,39,46,45,44,43,42,35,28,21,14,7,0,1,2;10,17,16,23,30,37,38;9,8,15,22,29,36
7,0,98,6;14,7,8,9,10;26,19,12,11;0,1,2,3,4,5,6,13,20,27,34,33,32,25,18;23,30,37;21,28,35,42,43,44,45,46,47,48;36,29,22,15,16,17,24,31,38,39,40,41
7,0,99,6;6,13,12,19;0,7,8,9,10,11,18,25,26,27,20;1,2,3,4,5;30,31,32,33,34;23,22,29,36,37,38,39,40;41,48,47,46,45,44,43,42,35,28,21,14,15,16,17,24
7,0,100,5;8,9,16,17;24,31,30,29;40,33,26,19,12;23,22,21,28,35,42,43,44,45,46,47,48,41,34,27,20,13,6,5,4;36,37,38,39,32,25,18,11,10,3,2,1,0,7,14,15
7,0,101,6;27,26,19;30,23,16,9,10,3;17,24,31,38,37,36,29,22,15,8;4,5,6;2,1,0,7,14,21,28,35,42,43,44,45,46,47,48,41,34,33;40,39,32,25,18,11,12,13,20
7,0,102,7;3,4,5,6,13,20,27,34,41,48,47,46;23,24,17,10,11,12,19,26,33,40,39;31,32,25,18;16,9,2,1,0;15,22,29,28,35,42,43,44,45,38;21,14,7,8;36,37,30
7,0,103,7;8,15,16,23,30;7,0,1,2,9,10,17,24,31;48,47,46,45,44,43,42,35,28,21,14;39,38,37,36,29,22;3,4,11,18,25,32;5,12,19,26,33,40;41,34,27,20,13,6
7,0,104,7;40,33,26,19,12,5,4,3,2,1,0,7,14,21;9,16,17;36,37,30;46,47,48,41,34,27,20,13,6;45,38,39,32,25,18,11,10;29,28,35,42,43,44;31,24,23,22,15,8
7,0,105,7;35,36,29;8,9,10,11;24,17,18,19,12,5;6,13,20,27,34,33,40,39;26,25,32,31,38,45,46,47,48,41;42,43,44,37,30,23,16,15,14,7,0,1,2,3,4;28,21,22
7,0,106,7;15,16,17,18;25,26,27;36,37,38,39,40;20,13,6,5,4,3,2,1,0,7,14,21,22,23;24,31,32,33,34,41,48,47,46,45,44,43;19,12,11,10,9,8;30,29,28,35,42
7,0,107,5;8,9,16;18,11,4,5,6,13,20,27,34,33,40,39,38,37,36,29;30,31,32,25,26,19,12;41,48,47,46,45,44,43,42,35,28,21,14,7;0,1,2,3,10,17,24,23,22,15
7,0,108,6;30,37,36,35,28,21,14,7,0,1,2,3,4,5,6,13,20,19,26,33,40;25,18,17,16;42,43,44,45;32,31,24,23;12,11,10,9,8,15,22,29;38,39,46,47,48,41,34,27
7,0,109,6;11,10,9,16,23,22,29;40,33,26,25;46,47,48,41,34,27,20,13,6,5,4,3,2,1,0,7;43,44,45,38,39,32;8,15,14,21,28;42,35,36,37,30,31,24,17,18,19,12
7,0,110,7;44,43,42,35,28,21;27,20,13,6,5,4,3,2,9,8,15,22,29,36;48,41,34,33,26,19,12,11,10;37,30,23,16;47,46,45,38,31,24;1,0,7,14;17,18,25,32,39,40
7,0,111,4;32,33,34,27,20,13,6;40,39,38,37,36,29,22,23,16,17,18,11,4,3,2,1,0,7;41,48,47,46,45,44,43,42,35,28,21,14,15,8,9,10;5,12,19,26,25,24,31,30
7,0,112,6;40,33,26,19,12,5;14,15,8,9,10,17,24;16,23,22,21,28,35,42;29,30,31,32,25,18,11,4,3,2,1,0,7;43,36,37,38,39;44,45,46,47,48,41,34,27,20,13,6
7,0,113,6;30,37,36;41,48,47,46,39,32;45,44,43,42,35,28,29,22,23,16,17,18;10,9,8,15,14,21;5,6,13,20,27,34,33,40;38,31,24,25,26,19,12,11,4,3,2,1,0,7
7,0,114,4;10,17,24;1,8,9,16,23,30,31,32,25,18,11,12,13,20,27,34,41,48,47,46,45,44,43,42,35,28,21;19,26,33,40,39,38,37,36,29,22,15,14,7,0;2,3,4,5,6
7,0,115,6;15,22,29,36,37,38,31,24,17,10,11,12,19,26;0,1,8,9,16,23,30;33,32,25,18;40,39,46,45,44,43,42,35,28,21,14,7;2,3,4,5,6,13,20,27,34;41,48,47
7,0,116,5;23,30,31,32,25;8,9,10,11;24,17,18,19,12,5,4,3,2,1,0,7,14,21,28,35,42,43,44,45,46,47,48,41,34,33;26,27,20,13,6;40,39,38,37,36,29,22,15,16
7,0,117,4;24,23,22,15,8,9,2,3,4,5,6,13,20,27,34,41,48,47,46;1,0,7,14,21,28,29,36;18,25,32,31,30,37;16,17,10,11,12,19,26,33,40,39,38,45,44,43,42,35
7,0,118,5;24,23,22,15,8,1,0;29,36,37,38,39,40,33,26,19,12;7,14,21,28,35,42,43,44;45,46,47,48,41,34,27,20,13,6,5,4,3,2,9,16,17;10,11,18,25,32,31,30
7,0,119,7;20,27,34,41,48,47,46,45,44,43;8,15,16;1,0,7,14,21,22,29,30,31,32,25,18,19;9,2,3,4,5,6;42,35,28;26,33,40,39,38,37,36;13,12,11,10,17,24,23
7,0,120,6;19,20,13,6,5,4,3,2,1,0,7,14,21;36,37,38,31,24,17,10;18,11,12;39,40,33;30,23,16;9,8,15,22,29,28,35,42,43,44,45,46,47,48,41,34,27,26,25,32
7,0,121,7;9,16,23,24;42,35,36;19,26,33,40,39,38,37,30,29,28;22,15,8,1,2,3,10,17,18,25,32,31;43,44,45,46,47,48,41,34,27,20,13,6,5;0,7,14,21;12,11,4
7,0,122,7;1,2,9,16,23,30,31,38;32,39,40,41,34,27,20;18,19,26,33;13,12,11,10,17,24,25;6,5,4,3;0,7,8,15,22,29,36,37;14,21,28,35,42,43,44,45,46,47,48
7,0,123,5;4,5,6,13,20,27,34,41,48,47,46,45,44,43,42,35,28,21,22;19,18,17,16,9,8;15,14,7,0,1,2,3,10,11,12;29,36,37,38,39,40,33,26,25,24,23;32,31,30
7,0,124,6;29,36,37,44,45,46,39,32;48,47,40,33,26,19,12;43,42,35,28;41,34,27,20,13,6,5,4,3,2,1,0,7,14,21,22,23,30,31,38;15,16,17,24;8,9,10,11,18,25
7,0,125,7;27,26,25,18,17,10,3,4,5,6,13;41,34,33,32,31,24,23,16,9,2;40,47,48;36,43,44,45,46,39;1,8,15,22,29,30,37,38;20,19,12,11;0,7,14,21,28,35,42
7,0,126,6;26,33,40,47,48;46,45,38,31,24,23,16,9;39,32,25,18,17,10;19,12,11;8,15,22,29,30,37,44,43,42;41,34,27,20,13,6,5,4,3,2,1,0,7,14,21,28,35,36
7,0,127,5;36,37,38,39,40,33,26,19,12,11;2,1,0,7,14,21;25,18,17,10,3,4,5,6,13,20,27,34,41,48,47,46,45,44,43,42,35,28;9,16,23,24,31,32;30,29,22,15,8
7,0,128,7;25,32,33,40,47;48,41,34,27,20,13,6,5,4,3,2,1,0,7,14,21,28;26,19,12,11,10,9,8,15,22,29;42,43,44,45,46,39;16,17,18;35,36,37,30,23;38,31,24
7,0,129,5;37,38,39,32,25,18,17,16;31,30,29,36,43,44,45,46,47,40,33,26,19,12,11,10;24,23,22,15;42,35,28,21,14,7,0,1;48,41,34,27,20,13,6,5,4,3,2,9,8
7,0,130,4;38,39,40,41,34,27,20,13,6,5,4,3,2,1;12,19,26,33,32,31,30,37,44,45,46,47,48;0,7,8,9,10,11,18,25,24,23,22,29,36,43,42;35,28,21,14,15,16,17
7,0,131,6;19,26,33,32,31,30,29;40,39,38,37,36;16,17,18,11,12,13,6;20,27,34,41,48,47,46,45,44,43;5,4,3,10,9,8,15,22,23,24,25;42,35,28,21,14,7,0,1,2
7,0,132,8;13,6,5,4,11,18,25,24;42,35,36,37,38,39,40,41,34,27,20;8,1,2,3;22,15,16;0,7,14,21,28,29,30,23;17,10,9;43,44,45,46,47,48;31,32,33,26,19,12
7,0,133,6;48,41,40,39,38,37,30,23;9,16,17,24,25,26,19,12;0,1,2,3,10,11,18;47,46,45,44,43,36,29,22,15,8,7;14,21,28,35,42;4,5,6,13,20,27,34,33,32,31
7,0,134,5;18,25,32,39,38,37,36;22,23,16,9;29,30,31,24,17,10,11,12,19,26,33,40;3,4,5,6,13,20,27,34,41,48,47,46,45,44,43,42,35,28,21,14,7,0;2,1,8,15
7,0,135,7;0,1,2;48,41,34,27,20,13,6;25,18,11,4;15,14,21,28,35,42;3,10,17,24,31,30,37;5,12,19,26,33,32,39,38;7,8,9,16,23,22,29,36,43,44,45,46,47,40
7,0,136,5;45,46,47,48,41,34,27,20,13,6,5,4,3,2,1,0,7,14,21,28,35,42,43;33,32,25,18,17,16,23,22,29,36,37,44;38,39,40;24,31,30;26,19,12,11,10,9,8,15
7,0,137,5;16,17,18,19,12;30,23,22,15,8,9,10,11;48,41,34,27,20,13,6,5;31,24,25,26,33,40,47,46,45,44,43,42,35;4,3,2,1,0,7,14,21,28,29,36,37,38,39,32
7,0,138,6;32,31,38,37,36,29,22,15,16,17,18,11;25,24,23,30;39,40,33,26,19,12;0,1,2,3,4,5,6,13,20,27,34,41,48,47,46;10,9,8,7,14,21;28,35,42,43,44,45
7,0,139,6;35,28,21,14,15,16;4,3,2,1,0;26,33,40,39,38;25,32,31,30,37,44,45,46,47,48,41,34,27,20,13,6,5;42,43,36,29,22,23,24,17,18,19,12;11,10,9,8,7
7,0,140,6;18,17,16;22,15,8,9,10;5,6,13,20,27,34,41,48,47,46,45;32,25,24,23,30,29,36;4,11,12,19,26,33,40,39;31,38,37,44,43,42,35,28,21,14,7,0,1,2,3
7,0,141,6;30,29,28,35,42,43,44,45,46,47;5,6,13,20,27;36,37,38,31,24,17,16,15;48,41,34,33,26,19,12,11,4,3,2,1,0,7,14,21,22,23;40,39,32,25,18;10,9,8
7,0,142,6;35,42,43,44,45,46,39,32;36,37,38,31,24;19,12,11,10,9;0,7,14;40,33,26,25,18,17,16,23,30,29;47,48,41,34,27,20,13,6,5,4,3,2,1,8,15,22,21,28
7,0,143,7;27,26,25,32,31,30,23,16,9,10,11,12,13;1,2,3,4,5,6;41,48,47;0,7,8,15;20,19,18,17,24;38,37,36,29,22;34,33,40,39,46,45,44,43,42,35,28,21,14
7,0,144,6;6,13,20,27,26,25,24,23,30;22,15,8,9,10,11,12,5;40,39,38,37,36,29;16,17,18,19;44,43,42,35,28,21,14,7,0,1,2,3,4;45,46,47,48,41,34,33,32,31
7,0,145,6;18,17,16,23,30,37;19,12,11,10,9,8,15,22,29,36,43,44,45,46,39;42,35,28,21,14,7,0,1,2,3,4,5,6,13,20,27,26;40,47,48;41,34,33,32;25,24,31,38
7,0,146,6;12,19,26;47,46,45,44,43,42,35,28,21,14,7,0,1,2,3,4;5,6,13,20,27;37,36,29,22,15,8,9,10,11;24,25,32,33,34,41,48;40,39,38,31,30,23,16,17,18
7,0,147,5;4,3,2,1,0,7,14,21,28,35,42,43,44,45,46,47,48,41;6,13,20,19,18,17;32,31,30,23,16;24,25,26;27,34,33,40,39,38,37,36,29,22,15,8,9,10,11,12,5
7,0,148,5;6,5,12,11,10,9,8,15,22;4,3,2,1,0,7,14,21,28,35,42,43,44,37,38,31,32,33,40,47;13,20,19,18,17,16;45,46,39;36,29,30,23,24,25,26,27,34,41,48
7,0,149,6;30,29,28;15,8,9;40,39,38,37,36,35,42;43,44,45,46,47,48,41,34,27,20,13,6,5,4,11,18,25;21,14,7,0,1,2,3,10,17,16;22,23,24,31,32,33,26,19,12
7,0,150,6;42,35,28,21,22,23,24;14,15,16,17,18,25,32,33,34,27;0,1,2,3,4,5,6,13,20;41,48,47,46,45,44,37;40,39,38,31,30,29,36,43;7,8,9,10,11,12,19,26
7,0,1,4;25,18,11,4,5,6,13,20,27,34;24,31,32,33,26,19,12;30,23,16,17,10,3,2,1,0,7,14,21,28,35,42,43,44,45,46,47,48,41;40,39,38,37,36,29,22,15,8,9
7,0,11,3;39,32,25,18,17,16,23,30,37,44,43,42,35,28,21,14,7,0,1,2,3,4,5,6,13,20,27,34;24,31,38,45,46,47;48,41,40,33,26,19,12,11,10,9,8,15,22,29,36
7,0,21,4;0,1,2,3,10,11,18,25,24,23,30;48,47,46,45,44,43,42,35,28,21,14,7,8,9,16,17;4,5,12,19,26,33,32,31;15,22,29,36,37,38,39,40,41,34,27,20,13,6
7,0,3,7;42,35,28,21,14,15,8;30,37,44;43,36,29,22,23,16;48,41,40,39,32,25,18,17;7,0,1,2,3,4,5,6,13,20,27;47,46,45,38,31,24;9,10,11,12,19,26,33,34
7,0,7,7;45,46,47,48,41,34,27,20,13,6;44,43,42,35,28,21,14;9,16,23,30;10,17,24,31,38,37,36,29,22,15,8,7;0,1,2,3,4,11,18,25,32,39;26,33,40;5,12,19
7,0,11,5;13,12,11,18,25,32,39,38,37;36,29,30,31,24,17,10,3,4,5,6;48,41,34,27;23,16,9,2,1,0,7,14,21,28,35,42,43,44,45,46,47,40,33,26,19,20;8,15,22
7,0,15,7;3,2,1,8,15,22;10,9,16,23,30,29,28;42,43,44,45,46,47,48,41,34,27,26,25,18,11,4,5,6,13;20,19,12;0,7,14,21;17,24,31,32,33;35,36,37,38,39,40
7,0,19,6;1,0,7,14,21;28,29,22,15,8,9,10,11,12,19,26,27,34,41,48,47;39,38,31,24;20,13,6,5,4,3,2;35,42,43,44,45,46;40,33,32,25,18,17,16,23,30,37,36
7,0,23,5;24,17,18,11,12;33,40,39,38,37;35,28,21,14,7,0,1,2,3,4,5,6,13,20,27,34,41,48,47,46,45,44;19,26,25,32,31,30,23,16;10,9,8,15,22,29,36,43,42
7,0,27,5;18,25,32,39,46,47,48,41,34,27,20,13,6,5,4,3,2,1,0,7,14,21,28,35,42,43;15,22,29,36,37;16,23,30;17,24,31,38,45,44;40,33,26,19,12,11,10,9,8
7,0,31,6;11,4,5,6,13,20,27;33,34,41,48,47,46,45,38,31,30,29,22,15;40,39,32,25,26,19,12;24,23,16,9,8,7,14,21,28,35,42,43;36,37,44;18,17,10,3,2,1,0
7,0,35,5;24,31,32,33,34;36,29,22,15,8;26,19,12,11,10,9,16,23,30,37,38,39,40,41,48;47,46,45,44,43,42,35,28,21,14,7,0,1,2,3,4,5,6,13,20,27;25,18,17
7,0,39,7;13,6,5,4,3,2,1,0,7,14,21,28,35,42,43;26,25,18,17,16,15;8,9,10,11,12,19,20,27,34;47,46,39;45,44,37,36,29,22,23,24;32,33,40,41,48;38,31,30
7,0,43,6;10,9,8,7,0;37,44,45,46,47,48,41,34,27,20,13,6,5,4,11,18;1,2,3;30,31,38,39,40,33,26,19,12;35,28,21,14,15,16,17;32,25,24,23,22,29,36,43,42
7,0,47,6;30,23,16,15,14,21,28,35,42,43,44,45,46,47,48,41,34,27;8,9,10,17,24;13,20,19,26,33,40,39;36,29,22;6,5,4,3,2,1,0,7;12,11,18,25,32,31,38,37
7,0,51,7;24,25,32,39,46,45,44,43,42,35,28,29,22,15,8,1,2;5,12,19,26,33,40;30,23,16,9,10,3,4;36,37,38,31;6,13,20,27,34,41,48,47;21,14,7,0;17,18,11
7,0,55,7;4,5,6,13;11,18,25,26,27,34;33,32,31,24,17,10,3;47,46,45,44,43,42,35,28,21,14,7,0,1,2;12,19,20;48,41,40,39,38,37,36,29,22,15,8;30,23,16,9
7,0,59,7;47,48,41,34,27,20;30,31,32,33,26,19;44,43,42,35,28,21,14,7,0,1;2,9,8,15,22,29,36,37,38,45;13,6,5,4,3,10,17,16;12,11,18,25,24,23;40,39,46
7,0,63,6;32,33,26,19;24,25,18,11,12,13,20,27,34,41,40,39;6,5,4,3,10,17,16,23,30,31;9,8,15,22,29,36,37;48,47,46;38,45,44,43,42,35,28,21,14,7,0,1,2
7,0,67,6;45,46,47,48,41,34,27,20,13,6,5,4,3,2,1;0,7,8,9,10,11,12,19,26;40,39,38,31;16,17,18;36,29,22;33,32,25,24,23,30,37,44,43,42,35,28,21,14,15
7,0,71,6;24,23,16;34,41,48,47,46,45;31,30,37,44,43,42,35,28,21,14,7,0,1,2,3,4,5,6,13,20;17,18,25,32;27,26,33,40,39,38;36,29,22,15,8,9,10,11,12,19
7,0,75,6;6,13,20,27,34;9,16,23,30;8,15,22,29,36,37,38,31,24,17,10;2,1,0,7,14,21,28,35,42,43,44,45;48,47,46,39,32,25,18,11;41,40,33,26,19,12,5,4,3
7,0,79,6;6,5,4,3,2,1,0,7;8,9,10,11,12;13,20,27,34,41,48,47,46,45,44,43,42,35,28,21,14;15,16,17,24;18,25,32,31,30,23;19,26,33,40,39,38,37,36,29,22
7,0,83,5;29,22,15,14;40,39,38;12,19,26,33,32,31,30,37,36,35,28,21;7,8,9,16,23,24,25,18,11,4,5,6,13,20,27,34,41,48,47,46,45,44,43,42;0,1,2,3,10,17
7,0,87,6;8,9,16,23,30,31,32,33;10,17,18;15,14,21,28,35,42,43,44,45,46,47,48,41;24,25,26,19,12,11;34,27,20,13,6,5,4,3,2,1,0,7;22,29,36,37,38,39,40
7,0,91,6;19,26,25,32,31,30;37,36,29,28,21,14,7,0,1,2,9,16,23;10,3,4,5,6;22,15,8;41,48,47,46,45,44,43,42,35;24,17,18,11,12,13,20,27,34,33,40,39,38
7,0,95,6;48,41,40,39,38;18,25,32,33,34,27,20,13,6,5,4,3,2,1,0,7;14,21,28,35,36,37,30,31,24;26,19,12,11,10,9,8,15;42,43,44,45,46,47;29,22,23,16,17
7,0,99,6;39,38,37,30;31,24,23;8,9,16,17,18,25,32;7,14,15,22,29,36;0,1,2,3,4,5,6,13,20,27,34,41,48,47,46,45,44,43,42,35,28,21;40,33,26,19,12,11,10
7,0,103,6;3,4,5,6,13,20,27,34,41,48,47,46,39,32,25,18,17;29,30,23,16;1,2,9,10,11,12,19,26,33,40;0,7,8,15,22;45,44,43,42,35,28,21,14;24,31,38,37,36
7,0,107,7;28,29,36,37,38,39;6,5,12,11,10,9,8,7;35,42,43,44,45,46,47,40,33,32,31,30,23,22;48,41,34,27,26,25,24;4,3,2,1,0;19,20,13;18,17,16,15,14,21
7,0,111,5;7,14,21,28,35,42,43,44,45,46,47,48,41,34,27,20,13,12;6,5,4,11;24,25,32;0,1,8,9,16,23,30,31;2,3,10,17,18,19,26,33,40,39,38,37,36,29,22,15
7,0,115,6;40,33,26,19,12,5;29,22,15,8,9,10;47,48,41,34,27,20,13,6;24,25,32,39,46,45,44,43,42;18,17,16,23,30,31,38;37,36,35,28,21,14,7,0,1,2,3,4,11
7,0,119,7;34,41,48,47;17,24,31,32;16,23,30;5,6,13,20,19;27,26,25,18;38,37,36,29,22,15,8,9,10,11,12;33,40,39,46,45,44,43,42,35,28,21,14,7,0,1,2,3,4
7,0,121,6;11,10,9,8;17,16,23,22,21,28,35,42,43,44,45,46;48,41,34,33,32,25,18,19,12;29,30,31,24;47,40,39,38,37,36;26,27,20,13,6,5,4,3,2,1,0,7,14,15
7,0,122,5;44,45,38,31,32;43,36,37,30,23,24,25,18;42,35,28,21,14,7,8,9,10,11,12,19,26,33,40,39,46;47,48,41,34,27,20,13,6,5,4,3,2,1,0;17,16,15,22,29
7,0,123,6;48,47,46,45,44,43,42,35,28,21,14,7,0;19,12,11,10,9,16,23,30,37,38,39;36,29,22,15,8,1,2,3,4,5,6;17,18,25,26;40,41,34,27,20,13;24,31,32,33
7,0,124,7;33,32,25,24,23,30,37,36;31,38,39,40;22,29,28,35,42,43,44,45;0,7,8,9,10,11;6,13,20;21,14,15,16,17,18;46,47,48,41,34,27,26,19,12,5,4,3,2,1
7,0,125,5;17,24,31,38,37,36,29,22,15,8,9,2,3,4,5,6,13,20,27,34,33;40,39,32,25,18;41,48,47,46,45,44,43,42,35,28,21,14,7,0,1;16,23,30;26,19,12,11,10
7,0,126,5;22,23,24;36,29,30,31,32,25,18,17,16,9;37,38,39,40,33,26,19,12;11,4,5,6,13,20,27,34,41,48,47,46,45,44,43,42,35,28,21,14,15,8;10,3,2,1,0,7
7,0,127,6;42,43,44,45,46,39,32,25,18,17,16;9,8,15;48,41,34,27,20,13,6,5,4;3,10,11,12,19,26,33,40,47;23,24,31,38,37,36,35,28;2,1,0,7,14,21,22,29,30
7,0,128,7;25,32,39,38,37;24,17,18,19,26,33,40;27,20,13,12,11,10,9,8,15,22,21;16,23,30,31;14,7,0,1,2,3,4,5,6;29,36,43,44,45,46,47,48,41,34;28,35,42
7,0,129,8;37,36,29,28,21,14,15,16,17;22,23,24,25,18,19,12;7,8,9;32,31,30;38,45,44,43,42,35;40,33,26;11,4,5,6,13,20,27,34,41,48,47,46,39;0,1,2,3,10
7,0,130,6;0,1,2,3,4,5,6;34,41,48,47,46,45,38,31,32;27,26,25,24,23,30,37,44,43,42;35,36,29,22,15,16,17,18,19;28,21,14,7,8,9,10,11,12,13,20;33,40,39
7,0,131,7;9,16,23,30;8,15,22,29,36,37;13,6,5;41,40,33,32,25,18,17,10,3,2,1,0,7,14,21,28,35,42,43,44,45;20,19,12,11,4;24,31,38,39,46,47,48;34,27,26
7,0,132,6;45,44,43,42;30,29,22,15,8,9,10,11;39,40,33,26,19,12,5,4,3;6,13,20,27,34,41,48,47,46;23,24,31,38,37,36,35,28,21,14,7,0,1,2;32,25,18,17,16
7,0,133,5;6,5,12,19,26,33;42,43,44,45,46,47,48,41,34,27,20,13;36,35,28,21,14,7,0,1,2,3,4,11,18,25,32;40,39,38,37,30,23,16;31,24,17,10,9,8,15,22,29
7,0,134,8;30,23,24;38,31,32,33,34;47,46,45;16,9,8;10,17,18,25,26,27,20,13,6,5;19,12,11,4,3,2,1,0,7,14,15,22,29,36,37,44;39,40,41,48;43,42,35,28,21
7,0,135,6;48,47,40,33,26,19,20,13,6;18,25,32,39,46,45,44,43,42,35,28,21,14,7,0,1,2,3,4,5;29,22,15,8;27,34,41;30,23,16,9,10,11,12;17,24,31,38,37,36
7,0,136,8;8,9,16;32,31,24,17,10,3;22,21,28,35,42;23,30,29,36,43,44,45;37,38,39,46;40,33,26,19,12;2,1,0,7,14,15;47,48,41,34,27,20,13,6,5,4,11,18,25
7,0,137,5;20,19,18,17,16,23,30,31,38,39;27,34,41,48,47,46,45,44,43,42,35,28,21,14,7,0,1,2,3,4,5,6,13;24,25,26;12,11,10,9,8,15,22,29,36,37;32,33,40
7,0,138,5;16,23,30,37,44,43;42,35,36,29,22,15,8,9;27,20,13,6,5;12,19,26,33,34,41,48,47,46,45,38,31,24,17,10;28,21,14,7,0,1,2,3,4,11,18,25,32,39,40
7,0,139,7;21,14,7,0,1,2;33,40,47;18,17,24,31,38,37,44,43,42,35,28;48,41,34,27,26,19,12,11,10,9,16,23,30,29,36;3,4,5,6,13,20;25,32,39,46,45;22,15,8
7,0,140,8;40,33,34,27,20,13,12,11;36,37,38;46,39,32,31,24,23,22,21,14,7,0,1,2,9;6,5,4,3,10,17,18;30,29,28,35,42,43,44,45;19,26,25;16,15,8;47,48,41
7,0,141,8;13,6,5,4,3,2;43,42,35,28,21,14,7;44,37,36,29,22,15,8,1,0;40,39,32;30,31,38,45,46;18,17,16;33,26,25,24,23;9,10,11,12,19,20,27,34,41,48,47
7,0,142,6;7,0,1;38,39,32,33,26,27,20,13,12,11,10,17,16,23,22,29;34,41,40;48,47,46,45,44,43,42;6,5,4,3,2,9,8,15,14,21,28;35,36,37,30,31,24,25,18,19
7,0,143,7;12,19,18,25,32,31,30;15,22,23,24,17,10;26,27,34,41,48,47,46,45,44,43,42,35,28,21,14,7,0,1,2,3,4,11;16,9,8;5,6,13,20;38,37,36,29;33,40,39
7,0,144,6;1,8,9,16,23,30;31,24,17,10,3,2;20,27,34,41,48;15,22,29,36,37,38,39,32,25;0,7,14,21,28,35,42,43,44,45,46,47,40,33,26,19,12,13,6;18,11,4,5
7,0,145,6;19,18,25,32,39,38,37,36,29,22,15,14,7,0,1;26,33,40,47,46,45,44,43,42,35,28,21;8,9,16;24,17,10,11,12,13,20,27,34,41,48;2,3,4,5,6;23,30,31
7,0,146,6;7,0,1,2,3,4,5,6,13,20,27,34,41,48,47,46;33,40,39,38,45;21,14,15,16;36,37,30,31,32,25,26,19,12,11,10,9,8;28,29,22,23,24,17,18;44,43,42,35
7,0,147,6;12,11,10,3;4,5,6,13,20,27,34,41,48,47,46;36,37,44;8,15,22,23,24,25,32,39,38,45;40,33,26,19,18,17,16,9,2,1,0,7,14,21,28,35,42,43;29,30,31
7,0,148,8;23,16,15,14,7,0;32,33,26,27,20,13,6;1,2,3,4,5,12,19;47,40,39,38,37;11,18,25,24,31,30,29,36;34,41,48;17,10,9,8;46,45,44,43,42,35,28,21,22
7,0,149,7;42,35,28,21,14,7,0,1,2,3,4,5,6,13,20;18,25,24,23,30,29,36,43;22,15,16,17;33,32,31;8,9,10,11,12,19,26,27,34,41,48,47;40,39,38,37;44,45,46
7,0,150,5;40,39,38,31,24;14,15,8,9,10,11,12,19,26;28,35,36,37,30,23,16,17,18,25,32,33,34,27,20,13,6,5,4,3,2,1,0,7;41,48,47,46,45,44,43,42;21,22,29
7,0,151,7;11,10,17,24;6,13,20,27,26,33,40,39,46,45,44;9,16,23,30,37;36,29,22,15,8,1,2,3,4,5,12,19,18,25,32,31,38;34,41,48,47;14,7,0;43,42,35,28,21
7,0,152,8;10,9,8,15,22;36,29,30,23,16,17,18,11,12;39,46,47,48;27,34,41,40;31,24,25;44,43,42;32,33,26,19,20,13,6,5,4,3,2,1,0,7,14,21,28,35;37,38,45
7,0,153,7;44,45,46,47,48,41,34,27,20;8,15,16,17,18;25,32,31,30,29,28,35;1,2,9,10,11,12,19;42,43,36,37,38,39,40,33,26;3,4,5,6,13;24,23,22,21,14,7,0
7,0,154,6;15,14,7,0,1,2,3,4,5,6,13,20,27,34,41,48,47,46,45,44,43;24,17,10,9,8;29,30,31,32,25,18,11;28,21,22,23,16;26,19,12;42,35,36,37,38,39,40,33
7,0,155,8;41,34,27;48,47,40;38,37,30,23,16,17,10,3;1,0,7,14,21,28,35,42,43,44,45,46;2,9,8,15,22,29,36;39,32,33,26,19,20,13;31,24,25,18,11,12;4,5,6
7,0,156,5;37,38,31;16,15,14,7,0,1,2,3,4,11,12;8,9,10,17,18,19,26,33;40,39,32,25,24,23,30,29,36;5,6,13,20,27,34,41,48,47,46,45,44,43,42,35,28,21,22
7,0,157,7;6,13,20,19,18,11,10;12,5,4,3;7,8,15,22,29,36,37,38,31;47,48,41,34,33,32;14,21,28,35,42,43,44,45,46,39,40;30,23,16,9,2,1,0;17,24,25,26,27
7,0,158,6;11,18,17,16,23,22,29,36,37,38,39,32;30,31,24,25;40,33,26,19,12,5,6;4,3,2,1,0,7,14,15;21,28,35,42,43,44,45,46,47,48,41,34,27,20,13;10,9,8
7,0,159,8;40,39,32,25,18,19;43,42,35,28,21,14,7;41,34,33;48,47,46,45,38,31,30,23,22,15,8,1,0;3,10,11,12;24,17,16,9,2;44,37,36,29;4,5,6,13,20,27,26
7,0,160,5;9,16,15,22,29,36,43;38,39,40,33,26,19,12,5,4;42,35,28,21,14,7,8;6,13,20,27,34,41,48,47,46,45,44,37,30,31,32,25,18,11,10,3,2,1,0;23,24,17
7,0,161,6;6,13,12,19;40,39,38,37,36,29,22;14,15,16,17,24,25,26,27,20;18,11,10,9,8,7;21,28,35,42,43,44,45,46,47,48,41,34,33,32,31,30,23;0,1,2,3,4,5
7,0,162,5;9,8,15,22,29,36,37,38,39,32,25,24,17;6,5,4,3,2,1,0,7,14,21,28,35,42,43,44,45,46;48,41,34,27,20,13,12,11,10;47,40,33,26,19,18;16,23,30,31
7,0,163,6;16,23,30,31,38,39,40,47,48;24,17,10,9,8;46,45,44,37,36,29,22,15,14,7,0,1,2,3,4,5,12,19,26;41,34,27,20,13,6;43,42,35,28,21;33,32,25,18,11
7,0,164,8;32,33,40;30,23,16,17,18,19,12;22,15,8,9;10,11,4,5,6,13;37,36,29,28,21,14,7,0,1,2,3;39,38,31,24,25,26;20,27,34,41,48;47,46,45,44,43,42,35
7,0,165,6;35,36,37,30,23,16,9;0,7,14,21;42,43,44,45,46,47,48,41,34,27,20,13,6,5,4,3,2,1,8,15,22,29,28;11,12,19,26;10,17,18,25,32;33,40,39,38,31,24
7,0,166,6;39,40,33,26,19,20,13,6,5,4,3,10,9;42,43,44,45,46,47,48,41,34,27;32,25,18,11,12;2,1,8,15,16,17,24,31,38,37,36,35;23,30,29,28;22,21,14,7,0
7,0,167,7;41,48,47,46,45;27,26,25,32,31,30,23,22,21,28,35,42;0,1,2,3,4,5,6,13,20,19,18;44,37,38,39,40,33,34;24,17,16,15,14,7;8,9,10,11,12;43,36,29
7,0,168,5;1,0,7,14,21,22,23,24;8,9,2,3,4,5,6,13;28,29,36,37,38,39,40,33,26;12,11,10,17,16,15;30,31,32,25,18,19,20,27,34,41,48,47,46,45,44,43,42,35
7,0,169,6;1,0,7,14,21,28;17,16,23,30,37,38,39,40;42,43,44,45,46,47,48,41,34,33,32,31,24;20,13,6,5,4,3,2,9,8,15,22,29,36,35;10,11,12,19;27,26,25,18
7,0,170,7;15,22,29,36,37,38,45;16,23,30,31,32,39;44,43,42,35,28,21,14,7,0;9,10,17,24;46,47,40,33,26,25,18,11,4,3,2,1,8;5,6,13;48,41,34,27,20,19,12
7,0,171,6;36,35,28,21,14,7,0,1,2,3,10,17,18,25,32,33;5,6,13,20,27,34,41,40,39;48,47,46,45,38,37,30,29,22,15,8,9;31,24,23,16;44,43,42;4,11,12,19,26
7,0,172,6;39,40,33,26,25,24,17,16,15,8,1,0;2,9,10,11,12;32,31,30,23,22,21,14,7;35,42,43,44,45,46,47,48,41,34,27,20,19,18;28,29,36,37,38;3,4,5,6,13
7,0,173,7;40,39,32;29,36,37,38;22,15,8,9,10,11,12,19,26,33,34,41,48,47,46,45,44,43;3,4,5,6,13,20,27;42,35,28,21,14,7,0,1,2;30,23,16,17;31,24,25,18
7,0,174,8;24,31,32;39,40,33;35,28,21;8,9,16,17,18,25,26,27,34,41,48,47,46,45,38;42,43,36,29,22,15,14,7,0,1,2;44,37,30,23;19,12,11,10;3,4,5,6,13,20
7,0,175,5;33,32,31,30;15,8,9,10,11,12;22,29,36,37,38,39,40,41,34;16,23,24,25,26,27,20,13,6,5,4,3,2,1,0,7,14,21,28,35,42,43,44,45,46,47,48;17,18,19
7,0,176,5;31,24,17,18,19;11,12,13,20,27,26,25;32,33,34,41,48,47,46,45,44,43,36,29,22,15,8,9,10;40,39,38,37,30,23,16;6,5,4,3,2,1,0,7,14,21,28,35,42
7,0,177,7;0,1,2,3,4,5,6,13,20,27,34,41;28,29,36,37,38,31,24;48,47,40,33,32;25,18,17,16,15,14,21;30,23,22;26,19,12,11,10,9,8,7;35,42,43,44,45,46,39
7,0,178,7;2,1,0,7,14,15,16;27,34,41,48,47,46,45,44,43,42,35;28,29,36;4,3,10,9,8;21,22,23,30,37;32,25,26,19,20,13,6;5,12,11,18,17,24,31,38,39,40,33
7,0,179,5;0,7,14,21,28,35,42,43,44,45,46,47,48,41,34,33;27,20,19,18,17,24;37,36,29,22,15,8,1,2,3,4,5,6,13;26,25,32;40,39,38,31,30,23,16,9,10,11,12
7,0,180,7;43,42,35;30,23,22,15,8;28,29,36,37,44,45;4,5,6,13,20;47,46,39,38,31,24,17,16,9,2,1,0,7,14,21;3,10,11,18,25,32,33,40,41,48;34,27,26,19,12
7,0,1,7;40,33,26;19,18,17,16,23,30,31,38,39,46;24,25,32;47,48,41,34,27,20,13,6,5,4,3;22,29,36,37;12,11,10,9,8,15;2,1,0,7,14,21,28,35,42,43,44,45
7,0,2,7;29,22,23,24,17,10,9,2;8,15,16;41,48,47,46,45,44,43,42,35,28,21,14,7,0,1;36,37,30,31,32;38,39,40,33,34,27,20,13,6,5;25,18,11,4,3;26,19,12
7,0,3,6;12,11,10,9,8,7;23,24,25;30,31,32,33,34,41,48,47,46,45,44,43,42,35;0,1,2,3,4,5,6,13,20,27,26;28,21,14,15,16,17,18,19;40,39,38,37,36,29,22
7,0,4,6;48,47,46,45,44,43,42,35,28,21,14,7,0,1,2,3,4,11;6,13,20,27,26;24,31,38,39,40;5,12,19;37,36,29,22,15,8,9,10;41,34,33,32,25,18,17,16,23,30
7,0,5,5;40,39,46;1,0,7,14,21,28;42,43,44,37,30,23,24,25,18;47,48,41,34,27,20,13,6,5,4,3,2,9,8;45,38,31,32,33,26,19,12,11,10,17,16,15,22,29,36,35
7,0,6,8;42,35,36,37;30,31,38,45,44,43;23,24,25,32,39,40;21,14,7,0;6,13,20,27,34,41,48,47,46;5,4,3,2,9,16,17,18,19,26,33;28,29,22,15,8,1;12,11,10
7,0,7,7;20,13,6,5,4,3,2,1,0,7,14,15,16,23,30;38,31,24,25,18;29,36,37;22,21,28,35,42,43,44,45,46,47,40;48,41,34,27,26,19,12,11;39,32,33;17,10,9,8
7,0,8,6;13,20,27,34,41,48,47,46,45;8,9,10;15,16,17,24,31,38,39,40,33,26,19,12;11,18,25,32;6,5,4,3,2,1,0,7,14,21,28,29,36;35,42,43,44,37,30,23,22
7,0,9,5;19,20,13,6,5,4,3;27,34,41,48,47,46,45,44,43,42,35,28,29,30,31,32;24,23,22,21,14,7,0,1,2,9,10;25,26,33,40,39,38,37,36;12,11,18,17,16,15,8
7,0,10,7;8,15,22,23,24,25;36,29,30,31;13,12,11,10;40,39,46,45;6,5,4,3,2,1,0,7,14,21,28,35,42,43,44,37,38;32,33,26,19,18,17,16,9;47,48,41,34,27,20
7,0,11,6;27,20,13,6,5,4,3,2,1,0,7,14,21,28,35;19,26,33,40,39;42,43,36,29,22,15,16,17;34,41,48,47,46,45,44,37,30,23,24;38,31,32,25,18;12,11,10,9,8
7,0,12,6;15,22,29,36,37,38,39,40;12,19,26,33;25,24,23,16,9,8;30,31,32;18,11,4,5,6,13,20,27;17,10,3,2,1,0,7,14,21,28,35,42,43,44,45,46,47,48,41,34
7,0,13,5;0,1,2,3,4,5,6,13,20,27,34,33;12,19,26,25,24,23,22,29,36;7,8,9,10;41,48,47,46,45,38;40,39,32,31,30,37,44,43,42,35,28,21,14,15,16,17,18,11
7,0,14,6;22,15,8,9,10,11,12,19;27,20,13,6,5,4,3,2,1,0,7,14,21,28;37,38,31,24,25,26,33,34,41,48;40,39,32;42,43,44,45,46,47;18,17,16,23,30,29,36,35
7,0,15,5;32,31,30,29,22,15,8;25,18,11,12,13;19,26,33,40,39,38,37,36;20,27,34,41,48,47,46,45,44,43,42,35,28,21,14,7,0,1,2,9,16,23;6,5,4,3,10,17,24
7,0,16,5;11,18,19,20,13,6;27,34,41,48,47,46,45,44,43,42,35,28,21,14,7,0,1,2,3;9,16,23,30,31,32;12,5,4;10,17,24,25,26,33,40,39,38,37,36,29,22,15,8
7,0,17,6;30,31,32;18,25,24,23,22,29,36,37,38,39,40,47,48;0,1,2,3;41,34,33,26,19,12;9,8,7,14,21,28,35,42,43,44,45,46;27,20,13,6,5,4,11,10,17,16,15
7,0,18,6;24,17,18,19,26,33,40,39,46;47,48,41,34,27,20;6,5,4,3,2,1,0,7,14,21,28,35,42,43,44,45;8,15,22,29,30;36,37,38,31,32,25;23,16,9,10,11,12,13
7,0,19,7;9,10,11,12,13,20,27,26;2,3,4,5,6;47,40,39,38,37,36;19,18,17,16,15,8;46,45,44,43,42,35,28,29,30,31,32;1,0,7,14,21,22,23,24,25;33,34,41,48
7,0,20,7;6,5,4,11;30,23,24,25,26,19,12,13;47,48,41,34,27,20;40,39,46,45,44,43,42,35;33,32,31,38,37,36,29,28,21;22,15,14,7,0,1,2,3,10,17,18;8,9,16
7,0,21,8;24,31,38,39,40,41;6,5,4,11;35,28,21,14,15,8,9;10,3,2,1,0,7;34,33,32;42,43,36,29,22,23,16,17,18,19,12,13;25,26,27,20;48,47,46,45,44,37,30
7,0,22,7;31,30,23;16,17,24;29,28,35,42,43,44,45,46,47;32,33,34,27,20,19,12,11,10,9,8,15,22;48,41,40,39,38,37,36;18,25,26;13,6,5,4,3,2,1,0,7,14,21
7,0,23,7;0,7,8;30,31,38;37,36,29,22,23,24,25,32,33;3,4,5,6;11,12,13,20,27,34,41,48,47;1,2,9,10,17,18,19,26;40,39,46,45,44,43,42,35,28,21,14,15,16
7,0,24,6;6,5,4,11,18,25,32,39;12,19,26,33,40;23,30,37,38;13,20,27,34,41,48,47,46,45,44,43,36,29,22,15,8;9,16,17,24,31;42,35,28,21,14,7,0,1,2,3,10
7,0,25,8;0,7,14;29,30,31;16,9,10,11,12;48,41,34,33,32;42,43,44,45,46;47,40,39,38,37,36,35,28,21,22,23;17,18,19;24,25,26,27,20,13,6,5,4,3,2,1,8,15
7,0,26,5;48,41,34,27,20,13,12,11,10;32,39,38,37,36,35;19,18,17,16,9;6,5,4,3,2,1,0,7,14,21,28,29,30,31;8,15,22,23,24,25,26,33,40,47,46,45,44,43,42
7,0,27,6;30,31,24;37,36,29,22,23,16;15,14,21,28,35,42,43,44,45,46,47,48;41,34,27,20,13,6,5;40,33,26,19,12,11,4,3,2,1,0,7;8,9,10,17,18,25,32,39,38
7,0,28,7;8,9,10,11,12,19;43,44,37,30,23,22;20,13,6,5,4,3,2,1,0,7;39,40,33,26;29,28,21,14,15,16,17,24,31,38,45,46,47,48,41,34,27;42,35,36;32,25,18
7,0,29,8;36,29,30,23,16,9;43,44,37,38,39,32,33,34,27,20,13,12;19,26,25,24,31;17,10,3,2,1,0,7,14;47,46,45;6,5,4,11,18;48,41,40;8,15,22,21,28,35,42
7,0,30,6;30,31,32,25,18,17;2,1,0,7,14,21,28,35,42,43,44,45,46,47,48,41;10,11,12,19,26;24,23,16;33,40,39,38,37,36,29,22,15,8,9;3,4,5,6,13,20,27,34
7,0,61,5;12,11,10,9,8,15,22,29,36;28,21,14,7,0,1,2,3,4,5,6,13,20,27,34,41,40;26,33,32,39,46,47,48;35,42,43,44,37,30,23,16,17,18,19;25,24,31,38,45
7,0,62,5;36,37,30,23,16,17,18,11,12;40,33,26,19;25,32,39,46,47,48,41,34,27,20,13,6,5,4,3,10,9,8,15,22,29;35,28,21,14,7,0,1,2;42,43,44,45,38,31,24
7,0,63,6;30,31,32,33,34,27;24,25,26;18,17,16,23,22,29,36,37,38,39,40,41,48;20,19,12,11,10,9,8,15,14,21,28;13,6,5,4,3,2,1,0,7;35,42,43,44,45,46,47
7,0,66,6;6,13,20,27,34,41,48,47,46,45,44,37,30,31,24,17,10,3;42,43,36,29,22,23,16,9;35,28,21,14,15,8;4,5,12,19,26,33,40;38,39,32,25,18,11;7,0,1,2
7,0,67,6;18,17,24,31,38,37,36,29,22,15,8,7;30,23,16,9,10,11;0,1,2,3,4,5,12,19;41,48,47,46,45,44,43,42,35,28,21,14;6,13,20,27,34,33,40,39;26,25,32
7,0,68,6;13,6,5,4,3,2,1,0,7,14,21,28,35,42,43,44,45;18,19,20,27,34,41,48,47,46;31,24,17,16;29,36,37,38,39,32,25;40,33,26;30,23,22,15,8,9,10,11,12
7,0,71,7;27,20,19,18;34,41,48;46,39,32,25;37,30,23,16,9,2,3,4,5,6,13;12,11,10,17,24,31,38,45,44,43,42,35,28,21,14,7,0;47,40,33,26;1,8,15,22,29,36
7,0,72,6;26,27,20,13,6,5;25,18,17,10,3,2,1,0,7,14,21,28,35,42,43,44,45,46,47,48,41;36,37,38,39,40,33,34;19,12,11,4;8,15,22,29,30,31,32;24,23,16,9
7,0,73,5;16,17,18;19,12,11,10;32,31,30,29,28,21;14,7,0,1,2,3,4,5,6,13,20,27,34,41,48,47,46,45,44,43;9,8,15,22,23,24,25,26,33,40,39,38,37,36,35,42
7,0,76,6;38,45,44,43,42,35,28,21,14,7,0,1,2,3,4,5;6,13,12;11,18,25,26,33,40;10,17,16,23,30,37,36;29,22,15,8,9;19,20,27,34,41,48,47,46,39,32,31,24
7,0,77,6;6,5,12,19,26,33,40,39,38,37,44;43,36,29,22,15,8;31,32,25,18,11,4;45,46,47,48,41,34,27,20,13;42,35,28,21,14,7,0,1,2,3,10,17,24;9,16,23,30
7,0,78,6;17,18,19,20,13,6,5,4,3,2,1,0,7,14,21,28,35,42,43,44,45,38;31,32,33,40;37,30,23,16;41,34,27,26,25,24;36,29,22,15,8,9,10,11,12;39,46,47,48
7,0,81,5;48,47,46,45,44,43,42,35,28,21,14,7,0,1,2,3,4;41,40,39,38,37,36,29,22,15,8,9,10,17;16,23,30,31,32,33,26,19;24,25,18,11,12,5;6,13,20,27,34
7,0,82,6;25,26,27,34;5,12,11;47,46,39,38,37,30,23,16,9,2,1,0,7,14,21,28,35,42;4,3,10,17,24,31,32,33,40,41,48;18,19,20,13,6;45,44,43,36,29,22,15,8
7,0,83,6;28,21,14,7,8,9,16,23,30,31,32,25;15,22,29,36,37,38,39,40,33;5,4,3,2,1,0;24,17,18;26,19,12,11,10;6,13,20,27,34,41,48,47,46,45,44,43,42,35
7,0,86,7;12,11,10,17,24;40,33,26,19,18;37,36,35,28,21;42,43,44;25,32,39;8,9,16,23,30,31,38,45,46,47,48,41,34;27,20,13,6,5,4,3,2,1,0,7,14,15,22,29
7,0,87,6;30,31,32,33,26,19;1,0,7,14,21,28,35,42,43,44,45,46,47,40;5,4,3,2,9,8,15,22,29,36,37,38,39;16,17,10;23,24,25,18,11,12;48,41,34,27,20,13,6
7,0,88,6;36,37,38,39,40,33,26,27;11,4,3,2,1,0,7,14,21,22,29,30,31,32;8,9,10,17,18,19,12,5;15,16,23,24,25;34,41,48,47,46,45,44,43,42,35,28;6,13,20
7,0,91,7;48,47,40,39,32,25,26,27,20,13,6,5,4,3,2,1,0,7,14,15,22,23;8,9,10,11,12;41,34,33;36,29,30;24,31,38,37;46,45,44,43,42,35,28,21;16,17,18,19
7,0,92,6;6,5,4,3,2,1,0,7,14,15,16,23,30,31;48,41,34,27,20;13,12,11,18,25,32,39;24,17,10,9,8;19,26,33,40,47,46,45,44,43,42,35,28,21;22,29,36,37,38
7,0,93,6;30,29,28,21,14,7,0,1,2,9;40,33,26,19,12,11;43,44,45,46,47,48,41,34,27,20,13,6,5,4,3,10;22,23,24,31,38,37,36,35,42;18,17,16,15,8;39,32,25
7,0,96,6;48,47,46,45,44,43,36,29;16,17,18,19,20,27,34;33,26,25;38,37,30;12,11,10,9,8,15,22,23,24,31,32,39,40,41;13,6,5,4,3,2,1,0,7,14,21,28,35,42
7,0,97,7;12,19,26,25,32,31;36,35,28,21,14,7,0,1,2,3,4,11,18;42,43,44,45,46,47,48,41;8,9,10,17,24,23,30,37;5,6,13,20,27;29,22,15,16;34,33,40,39,38
7,0,98,6;34,33,32,31,30,29,22,21,14;23,24,25,26,27;0,1,2,9,10,11,12;41,40,39,38,37,36;28,35,42,43,44,45,46,47,48;7,8,15,16,17,18,19,20,13,6,5,4,3
7,0,101,6;10,9,16,15,22,29,36,37;8,7,14,21,28,35,42,43,44,45,38,31,32,25;6,5,4,3,2,1,0;39,46,47,48,41,34,27;12,11,18,17,24,23,30;13,20,19,26,33,40
7,0,102,7;48,47,46,45;31,30,23,16,9,2,1,0;12,11,18,25,32,39,40,41,34;38,37,44,43,42,35,28,21,14,7;36,29,22,15,8;19,26,33;24,17,10,3,4,5,6,13,20,27
7,0,103,6;17,24,31,38,39,40;36,29,22,15,8,9,10,11,18,25,32;44,43,42,35,28,21,14,7,0,1,2,3,4,5,6,13,20,27,34;16,23,30,37;41,48,47,46,45;12,19,26,33
7,0,106,7;37,30,23,24,17;38,39,40,33,26,19;21,22,15,16,9,10;42,35,28,29;36,43,44,45,46,47,48,41,34,27,20,13,12,11,18,25,32,31;0,7,14;8,1,2,3,4,5,6
7,0,107,5;12,11,10,9;13,20,19,18,17,16,15,8;48,47,46,45,44,43,42,35;36,37,38,39,40,41,34,27,26,25,24,23,22,21,14,7,0,1,2,3,4,5,6;28,29,30,31,32,33
7,0,108,6;37,30,23;34,27,20,13,6,5,4,3,2,1,0,7,14,21,28,35,42,43,44,45,38;26,19,12,11,10,9,8;41,40,33;36,29,22,15,16,17,18,25;24,31,32,39,46,47,48
7,0,111,6;31,30,23,22,15,8,9,10,11,18,25;32,33,26,19,12;1,2,3,4,5,6,13,20,27,34,41,40,39;0,7,14,21,28,29,36,37,38;35,42,43,44,45,46,47,48;16,17,24
7,0,112,7;44,45,46,47,48;7,8,9,10,11,12,19,26,27;20,13,6,5,4,3,2,1,0;40,41,34;33,32,39,38,37,36,29,22,23,16,17;18,25,24,31,30;43,42,35,28,21,14,15
7,0,113,6;26,33,40,39,38,37,36,43,42;0,1,2,3,10,17;11,4,5,6,13,20,27,34,41,48,47,46,45,44;15,16,23,24;35,28,29,30,31,32,25,18,19,12;22,21,14,7,8,9
7,0,116,6;47,46,39,32,25,18,11;42,43,44,45,38;12,19,26,33,40,41,48;17,24,31,30,29,22,15,8,1,2;34,27,20,13,6,5,4,3,10,9,16,23;37,36,35,28,21,14,7,0
7,0,117,6;27,34,41,48,47,46,45,44;9,8,15,22,23,24;12,11,10,17,16;40,33,26,19,20,13,6,5,4,3,2,1,0,7,14,21;42,43,36,37,38,39;35,28,29,30,31,32,25,18
7,0,118,6;26,19,12,11,10;0,1,2,3,4,5,6,13,20,27;35,28,21,14,7;8,15,22,29,36,43,42;18,25,32,33,34,41,48,47,46,45,44,37,30,23,16,9;40,39,38,31,24,17
7,0,1,4;36,37,38,31,32,33,40;39,46,47,48,41,34,27,26,25,24,23,30,29;12,11,10,9,8,15,22;16,17,18,19,20,13,6,5,4,3,2,1,0,7,14,21,28,35,42,43,44,45
7,0,11,4;36,37,38,39,40,33,26,19,12,11,10;31,30,29,28,35,42,43,44,45,46,47,48,41,34,27,20,13,6,5,4,3,2,9;0,7,14,21,22,23,24,25,32;1,8,15,16,17,18
7,0,21,4;15,8,9,10,11,12,19,26,33,32;24,31,30,29,28,35,42,43,44,45,46,47,48;36,37,38,39,40,41,34,27,20,13,6,5,4,3,2,1,0,7,14;21,22,23,16,17,18,25
7,0,1,3;24,23,22,15,8,1,0;42,43,44,45,46,47,48,41,34,27,20,13,6,5,4,3,2,9,16,17,18,25,32,31,30,29,28,21,14,7;10,11,12,19,26,33,40,39,38,37,36,35
7,0,11,3;24,23,16,9,2,1,0;7,8,15,22,29,30,31,32,25,18,17,10,3,4,5,6,13,20,27,34,41,48,47,46,45,44,43,42;14,21,28,35,36,37,38,39,40,33,26,19,12,11
7,0,21,4;24,23,22,15,8,9,10,11,12,19,26,33,40,47,48;16,17,18,25,32,39,46;37,36,29,28,21,14,7,0,1,2,3,4,5,6,13,20,27,34,41;30,31,38,45,44,43,42,35
7,0,1,6;13,20,19,18,17,16,23,22,29,36,37,38,39;30,31,24;47,46,45,44,43,42,35,28,21,14,7,0,1,2,3,4,5,6;32,33,40;12,11,10,9,8,15;48,41,34,27,26,25
7,0,2,7;2,3,4,5,6,13,20,27,34,41,48,47,46,45;26,19,18,17,16;10,11,12;32,25,24;37,36,29,22,15,8,9;33,40,39,38,31,30,23;44,43,42,35,28,21,14,7,0,1
7,0,3,8;23,30,37,38,39,40,41,34;27,26,25,18;28,35,42,43,44,45,46,47,48;20,19,12,11,10,9,8,7;33,32,31,24,17;0,1,2,3,4,5,6,13;16,15,14;21,22,29,36
7,0,4,5;40,33,26,19,12,11,10,9,8,15,14,21,28,35;7,0,1,2,3,4,5,6,13,20,27,34,41,48,47,46,45,44,43,42;36,29,22,23,24,31,32;25,18,17,16;39,38,37,30
7,0,5,6;30,23,16,15;32,33,26,19,12;25,18,11,10,9,8,1;2,3,4,5,6,13,20,27,34,41,40,39,38,31,24,17;48,47,46,45,44,37,36,29,22;43,42,35,28,21,14,7,0
7,0,6,7;10,9,8;12,11,18;27,34,41;23,22,29,36,37,38,39;48,47,40,33,32,31,30;17,24,25,26,19,20,13,6,5,4,3,2,1,0,7;16,15,14,21,28,35,42,43,44,45,46
7,0,7,5;12,11,10,9,8;15,16,17,18,19,20,13,6,5,4,3,2,1,0,7;22,23,24;29,36,37,38,39,40,33;14,21,28,35,42,43,44,45,46,47,48,41,34,27,26,25,32,31,30
7,0,8,7;27,26,25,24;4,3,2,1,0,7,14,21,28,35,42,43,44,45,46,47;31,32,33,34;23,30,37;13,20,19,18,17,16,15,22,29,36;6,5,12,11,10,9,8;38,39,40,41,48
7,0,9,6;6,13,12,11,10,17,24,25,26,27;9,16,23,30,31,32,33;20,19,18;40,39,38,37,36,29,22;5,4,3,2,1,0,7;34,41,48,47,46,45,44,43,42,35,28,21,14,15,8
7,0,10,6;24,17,10,11,12,19,26,33,40;37,30,23,16,9,2,3,4,5,6,13,20,27,34,41,48,47;18,25,32,39,46;45,38,31;44,43,36,29,22,15,8;42,35,28,21,14,7,0,1
7,0,11,7;12,19,26,33,40;36,37,38;17,10,3,2,1,0,7;25,18,11,4,5,6,13,20,27,34,41,48,47,46,45,44,43,42,35;22,29,30,31,32,39;24,23,16,9;8,15,14,21,28
7,0,12,7;12,11,10,9,8,15;14,7,0,1,2,3,4,5,6,13,20,19,18,17;44,45,46,47,40;31,24,25,26,27;16,23,30,37,38,39,32,33,34,41,48;21,28,35,42;22,29,36,43
7,0,13,6;12,19,26,25,32,31,30,23,16,15,8;41,48,47,46,45,44,43,42,35,28;11,10,9;5,4,3,2,1,0,7,14,21,22,29,36,37,38,39,40,33,34;27,20,13,6;24,17,18
7,0,14,8;10,3,4,5,6,13,20;31,24,17,16;29,30,23;33,40,47,46,45;22,15,8;11,18,25,32,39,38,37,44,43,42;48,41,34,27,26,19,12;9,2,1,0,7,14,21,28,35,36
7,0,15,5;0,1,2,3,4,11,18,25;28,35,42,43,44,45,46,47,48,41,34,27,20,13,6;32,31,24,17,10,9,8,15;5,12,19,26,33,40,39,38,37,36,29,22,21,14,7;16,23,30
7,0,16,5;47,48,41,34,33,32,31,30,29;8,9,10,11,12,19,26,25,24,23,22,21,28,35,36,37,38;7,0,1,2,3,4,5,6,13,20,27;18,17,16,15,14;42,43,44,45,46,39,40
7,0,17,7;33,34,27,20,13,6;41,48,47,46,45,38,37,36;15,16,17,24,25;40,39,32,31,30,23;26,19,12,5,4,3,2,1,0,7,14,21,22;44,43,42,35,28,29;8,9,10,11,18
7,0,18,7;20,13,6,5,4,3,2,1,0,7,14,21,28,29,36;8,15,22,23,30,37;38,31,24,17,18,19;12,11,10,9,16;47,40,33;48,41,34;27,26,25,32,39,46,45,44,43,42,35
7,0,19,6;43,36,29,22,15,8,9,10,11,4,5,6,13,20,27;26,25,24,31;48,41,34;3,2,1,0,7,14,21,28,35,42;40,47,46,45,44;33,32,39,38,37,30,23,16,17,18,19,12
7,0,20,5;3,4,5,6,13,20,27,34,41,48,47,46,45,44,43,42,35,28,21,14,7,8,9;0,1,2;15,16,17,24;18,25,32,31,30,23,22;10,11,12,19,26,33,40,39,38,37,36,29
7,0,21,6;12,19,26,33,40,39,38,37;24,23,16,9,8,7;0,1,2,3,10,11;14,15,22;4,5,6,13,20,27,34,41,48,47,46,45,44,43,36,29,30,31,32,25,18,17;42,35,28,21
7,0,22,7;0,1,2,3,10;14,7,8,9;11,4,5,6,13,20,27,26,25,24,23;40,39,38,37;42,43,44,45,46,47,48,41,34;33,32,31,30,29,36;35,28,21,22,15,16,17,18,19,12
7,0,23,6;38,37,36,29,22,15,8,1,2,3,4;0,7,14,21,28,35,42,43,44,45,46,39,32;47,40,33;25,26,27,34,41,48;13,20,19,18,17,24;6,5,12,11,10,9,16,23,30,31
7,0,24,6;42,43,44,45;13,20,19,18,17,16,23,30,29;39,46,47,48;34,27,26,25,24;14,7,0,1,2,3,4,5,6;12,11,10,9,8,15,22,21,28,35,36,37,38,31,32,33,40,41
7,0,25,6;12,5,4,3,2,1;0,7,14,21,28,35,42,43,44,45;47,48,41,34,27,26,25,24,17,16,15;8,9,10,11,18,19,20,13,6;40,33,32,31,30,23,22;29,36,37,38,39,46
7,0,26,5;16,17,24,31,38;29,28,21,14,7,0,1;42,43,44,45,46,47,48,41,34,27,20,13,6,5,4,3,2;35,36,37,30,23,22,15,8,9,10,11,18,25,32,39,40;33,26,19,12
7,0,27,5;4,5,6,13,20,27,34,41,40,39,38,37,36,29,22;12,19,26,33;48,47,46,45,44,43,42,35,28,21,14,7,0,1,2,3;16,23,30,31,32,25,18,11;15,8,9,10,17,24
7,0,28,7;24,31,32,33,26,19,12;2,3,4,11,18,25;43,44,45,46,47,48,41,34,27,20,13,6,5;17,16,15,14,7;42,35,36,29;28,21,22,23,30,37,38,39,40;0,1,8,9,10
7,0,29,6;33,26,19,12,11,10,9,8,15;35,42,43,44,37,30,31;18,17,16;39,40,41,34,27,20,13,6,5,4,3,2,1,0,7,14,21,28,29,36;38,45,46,47,48;22,23,24,25,32
7,0,30,7;40,39,38,37,36,29;2,3,4;27,20,13,6,5;7,14,21,22,23,30;0,1,8,15,16,17,24,31,32,33,34,41,48,47,46,45,44,43,42,35,28;12,19,26,25;9,10,11,18
7,0,1,4;14,21,22,23,16,17,18;36,37,38,39,32,25;40,33,26,19,12,11,10,9,8,15;7,0,1,2,3,4,5,6,13,20,27,34,41,48,47,46,45,44,43,42,35,28,29,30,31,24
7,0,11,4;15,22,29,36,43,44,45,46,47,48,41,34,27,20;24,17,10,3,2,1,0;42,35,28,21,14,7,8,9,16,23,30,37,38,39,40,33,26,19,12,13;6,5,4,11,18,25,32,31
7,0,21,3;6,13,12,11,18,25,32,31,30,23,16,9,2,1,0,7,14,21,28,35,42,43,44,45,46,47,48,41,34,27;24,17,10,3,4,5;20,19,26,33,40,39,38,37,36,29,22,15,8
7,0,1,4;32,25,18,11,4,5,6,13;20,27,34,41,48,47,46,45,44,37,36,29,22,15,8;12,19,26,33,40,39,38,31,24,17,10,3;43,42,35,28,21,14,7,0,1,2,9,16,23,30
7,0,17,3;10,11,12,19,26,33,40,39,38,37,36,35,42;43,44,45,46,47,48,41,34,27,20,13,6,5,4,3,2,9,16,17,18,25,32,31,30,29,28,21,14,7,0;24,23,22,15,8,1
7,0,33,3;48,41,34,27,20,13,6,5,4,3,2,1,0,7,14,21,22,23,16,17,18,25,32,39,38,37,36;24,31,30,29,28,35,42;43,44,45,46,47,40,33,26,19,12,11,10,9,8,15
7,0,49,4;31,24,17,18,19,20,13,6,5,4,3,2,1;12,11,10,9,16,23,30;8,15,22,29,36,37,38,39,40,33;32,25,26,27,34,41,48,47,46,45,44,43,42,35,28,21,14,7,0
7,0,65,3;44,45,46,47,48,41,34,27,20,13,6,5,4,3,2,1,0,7,14,15,16,17,18,25,32,31,30,29;24,23,22,21,28,35,42;43,36,37,38,39,40,33,26,19,12,11,10,9,8
7,0,81,3;6,5,4,3,2,1,0,7,14,21,28,35,42,43,44,45,38,31,30,23,16,17,18,19,26,33,40,41;37,36,29,22,15,8,9,10,11,12,13,20,27,34;48,47,46,39,32,25,24
7,0,97,3;7,8,9,10,11,12,19,26,33,40,39,38,37;24,23,22,21,28,35,42;14,15,16,17,18,25,32,31,30,29,36,43,44,45,46,47,48,41,34,27,20,13,6,5,4,3,2,1,0
7,0,113,4;21,28,35,36,37,38,31,24,23;42,43,44,45,46,39,32,25,18,17,16,9,8;10,11,12,19,26,33,40,47;48,41,34,27,20,13,6,5,4,3,2,1,0,7,14,15,22,29,30
7,0,129,4;21,14,7,8,9,10,17,24,23;16,15,22,29,28,35,42,43,44,45,46,47,48,41,34,27,20,13,6,5;36,37,38,39,40,33,26,19,12;30,31,32,25,18,11,4,3,2,1,0
7,0,145,5;22,21,14,7,8,9,10,11;6,13,20,27,26,25,32,31;34,33,40,39,38,37,36;15,16,17,18,19,12,5,4,3,2,1,0;24,23,30,29,28,35,42,43,44,45,46,47,48,41
7,0,1,7,29;0,1,2,3,10,17;44,37,36,29,22,21,14,7,8,9;43,42,35,28,29,30;18,11,4,5,6,13,20,27,34,33;41,40,39,32;15,16,23,24,25,26,19,12;31,38,45,46,47,48
7,0,2,5,10;36,29,30,31,32,33,26;27,20,13,6,5,4,11,10,9,8,15,22;24,25,18,19,12;37,38,39,40;34,41,48,47,46,45,44,43,42,35,28,21,14,7,0,1,2,3,10,17,16,23
7,0,3,5,22;2,3,4,5,6,13,20,27,34,41,48,47,46,45,44,37,36,29,22,15,14,7,0;43,42,35,28,21,22,23;16,17,24;30,31,32,25,18,11,10,9,8,1;38,39,40,33,26,19,12
7,0,4,7,25;5,6,13,20,27,34,41;46,47,48;4,3,2,1,0,7,14,21,28,35,42;8,9,10,11,12,19;30,23,24,25,26,33,40,39,38,45,44;29,22,15,16,17,18,25,32,31;37,36,43
7,0,5,5,30;19,12,11,10,9,8,15,22,23,30,37,36,43;26,33,40;16,17,18,25,32,39,38;24,31,30,29;42,35,28,21,14,7,0,1,2,3,4,5,6,13,20,27,34,41,48,47,46,45,44
7,0,6,5,31;6,5,4,3,2,1,0,7,14,21,28,35,42,43;45,38,31,24,25,26,33,40;17,18,19,20,27,34,41,48,47;46,39,32,31,30,23,16,9,10,11,12,13;44,37,36,29,22,15,8
7,0,7,6,10;26,19,18,17,10,3,2,1;42,43,44,45,46,47,48,41,34,33,32,25,24,23,16,15,14,7,0;12,11,10,9,8;21,28,35,36,37,38,39,40;31,30,29,22;27,20,13,6,5,4
7,0,8,6,16;7,0,1,2,3,10,11,12,13,20,27,34;41,48,47,46,45,44,43,42,35,28,21,14;8,9,16,23,24,25,18;19,26,33,40,39,38,37,36;17,16,15,22,29,30,31,32;4,5,6
7,0,9,6,19:36;13,12,19,26,33;16,9,2,1,0,7,14,21,28,29,36,43,42;20,19,18,11,4,5,6;27,34,41,48,47,46,45,44,37,36,35;3,10,17,24,25,32,39,40;8,15,22,23,30,31,38
7,0,10,6,16:33;43,44,45,46,47,48,41,34,33,32;20,19,12,11,10,17,16,15,22;23,16,9,8;42,35,36,37,30,31,24,25,18;13,6,5,4,3,2,1,0,7,14,21,28,29;38,39,40,33,26,27
7,0,11,6,24;46,47,48;44,45,38,39,32,33,26,19,18;6,5,4,3,2,1,0,7,14,15,16,17,24,31,30,37;43,42,35,28,21;25,24,23,22,29,36;40,41,34,27,20,13,12,11,10,9,8
7,0,12,5,38;32,33,40;16,17,24,25,26,27,34,41,48,47;6,5,4,3,2,1,0,7,14,21,28,35,42,43,44,45,38,31,30,23;46,39,38,37,36,29,22,15,8,9,10,11,12,13;20,19,18
7,0,13,6,15;37,44,43,42,35,28,21;1,0,7,14,15,16,17,10,11,12,5;32,25,24,23,22,15,8,9,2,3,4;33,40,39,38,31,30,29,36;6,13,20;18,19,26,27,34,41,48,47,46,45
7,0,14,6,11:8;26,25,32,39,38,37,36,29,22,23,16,17;30,31,24;9,8,7,0;19,12,11,10,3;18,11,4,5,6,13,20,27,34,41,48;2,1,8,15,14,21,28,35,42,43,44,45,46,47,40,33
7,0,15,6,12;8,9,16,23,24,31,32,33;41,48,47,46,45,44,43,36;42,35,28,21,14,7,0,1,2,3,4,11,12,13,6;5,12,19,20,27,34;10,17,18,25,26;40,39,38,37,30,29,22,15
7,0,16,7,24;40,39,38,37;17,24,31,32,33,26,19,12,5,4,3,2,1,8;6,13,20,27,34,41,48,47,46,45,44;14,7,0;36,43,42;21,22,15,16,9;10,11,18,25,24,23,30,29,28,35
7,0,17,6,12:30;36,37,30,23,24,25,32;6,13,12,11,18,17,16,15,22,29,30,31;21,28,35,42,43,44,45,38,39,40,33,26,27,20;46,47,48,41,34;10,9,8;19,12,5,4,3,2,1,0,7,14
7,0,18,6,10;45,46,39,40;20,13,6,5,4,3,10,17,16,15;33,32,31,30;8,7,14,21,28,35,42,43,44;18,25,24,23,22,29,36,37,38;0,1,2,9,10,11,12,19,26,27,34,41,48,47
7,0,19,4,29;35,42,43,44,45,46,39,32,25,18;17,24,31,38,37,36,29,22,15,8,9,2,3,4,5,6,13,20,27,34,41,48;1,0,7,14,21,28,29,30,23,16;47,40,33,26,19,12,11,10
7,0,20,6,18;6,5,4,3,2,1,0;14,21,28,35,36,37,38,39,40,41,34,27;20,13,12,11,18,25,24,23;16,15,22,29,30,31,32,33,26;42,43,44,45,46,47,48;19,18,17,10,9,8,7
7,0,21,5,39;48,47,40,39,38,37;35,42,43,44,45,46,39,32,33,26,19,12,11,10,17,16,23,22,21,14,7,0,1;18,25,24,31,30;36,29,28;15,8,9,2,3,4,5,6,13,20,27,34,41
7,0,22,6,31;33,40,47,46,45,44,43,42,35,28,21,14,7,0,1,2,3,4;5,6,13,20,27;18,25,26;24,31,38,37,36,29,22,15,8,9,10,11,12,19;34,41,48;17,16,23,30,31,32,39
7,0,23,7,12;22,23,24,31,32,39,46,47,48,41,34,27,20,19,12,5;45,44,43;6,13,12,11;10,9,8;42,35,36,37,38;40,33,26,25,18,17,16,15,14,7,0,1,2,3,4;30,29,28,21
7,0,24,5,15;47,48,41,34,27,20,13,6,5,4,11,10,17,24,23,30,29;18,25,32,31,38,37,36;21,28,35,42,43,44,45,46,39,40,33,26,19,12;0,1,8,15,22;7,14,15,16,9,2,3
7,0,25,7,36;12,5,6;13,20,19;27,26,25,24,17,16,15,14,7,0,1,2,3,4;23,22,21,28;8,9,10,11,18;33,40,39,38,37,36,35,42;34,41,48,47,46,45,44,43,36,29,30,31,32
7,0,26,7,25:29;36,29,22,23,16,17,18,25,32,33,40;27,34,41,48,47,46;20,13,6,5,4,3,2,1,0,7;42,35,28,29,30,37,38,39;45,44,43;21,14,15,8,9,10,11,12,19;31,24,25,26
7,0,27,7,15:40;32,31,38,37,36,29,22,15,8,9;48,47,40,33,34,27,20,19,18;10,3,4,5;2,1,0,7;11,12,13,6;26,25,24,23,30;41,40,39,46,45,44,43,42,35,28,21,14,15,16,17
7,0,28,6,29;28,29,30,23,16,15;6,13,20,19,18,17,24,31,38,37,44,43;8,9,10,11;42,35,36,29,22,21,14,7,0,1,2,3,4,5,12;47,40,33;48,41,34,27,26,25,32,39,46,45
7,0,29,6,22;9,10,11,12,13,20,27,26,33,40;0,7,14;16,17,18,19;34,41,48,47,46,45,44,43,42,35,28,21,22,23,30,31;39,38,37,36,29,22,15,8,1,2,3,4,5,6;24,25,32
7,0,30,6,9:26;30,23,16,9,2,1,0,7;48,41,40,39,32,25,26,27,20,13,6,5;12,19,26,33,34;47,46,45,44,43,42,35,28;21,14,15,8,9,10,3;4,11,18,17,24,31,38,37,36,29,22
7,0,21,8;38,39,46;35,36,29,22,23,16,17,18,19,12,5;10,9,8,15;45,44,43,42;32,33,40;26,25,24,31,30,37;28,21,14,7,0,1,2,3,4,11;6,13,20,27,34,41,48,47
7,0,22,7;10,11,12;48,47,46,45,38,31,24,23;37,30,29,22,15,8,9,2,3,4,5,6,13,20,19;40,41,34,27,26,25,18,17,16;1,0,7,14,21,28,35,42;33,32,39;36,43,44
7,0,23,9;0,7,8;13,6,5,4,3,2,1;37,36,29;32,31,24,17,18,19;43,42,35,28,21,14,15,16,9,10,11,12;38,45,44;22,23,30;20,27,34,41,48,47,46;25,26,33,40,39
7,0,24,8;0,1,2;19,12,11,10,3;23,24,25,26,33,40,41;4,5,6,13,20,27,34;45,46,47,48;9,8,7,14,21,28,35,42,43,44,37,38,39;32,31,30;36,29,22,15,16,17,18
7,0,25,7;25,24,31,30;23,22,15;42,43,44,45,38,39,40;37,36,35;0,1,2,3,4,5,6,13,20,27,34,41,48,47,46;29,28,21,14,7,8,9,16,17,18,19,26,33,32;12,11,10
7,0,1,6;39,40,33,26,19,12;30,23,24,17;8,9,16;35,42,43,44,45,46,47,48,41,34,27,20,13,6,5,4,3,2,1,0,7;28,21,14;15,22,29,36,37,38,31,32,25,18,11,10
7,0,2,7;45,38,31,30;39,40,33,26,19,12;29,36,37,44;10,3,2,1,8,15,22,23,24,25,32;0,7,14,21,28,35,42,43;18,17,16,9;46,47,48,41,34,27,20,13,6,5,4,11
7,0,3,8;36,37,30;28,29,22,15,8;9,10,11,12;46,47,48,41,34,27;40,33,26,19,20,13,6,5,4,3,2,1,0,7,14,21;16,17,18,25,32,39;35,42,43,44;23,24,31,38,45
7,0,4,5;12,11,10,9,16,23,30;13,6,5,4,3,2,1,8,15,22,29,36,37,38,39;0,7,14,21,28,35,42,43,44,45,46,47,40,33,32,31,24,17,18;48,41,34,27,20;25,26,19
7,0,5,5;11,12,19,26,25,32,39,40;41,48,47,46,45,44,43,42,35,28,21,22,15,8,9,10,17,18;16,23,30,29,36;24,31,38,37;33,34,27,20,13,6,5,4,3,2,1,0,7,14
7,0,6,5;17,10,11,12;30,31,32;9,16,23,24,25,18;27,34,41,48,47,46,45,44,43,42,35,28,21,14,7,0,1;2,3,4,5,6,13,20,19,26,33,40,39,38,37,36,29,22,15,8
7,0,7,6;17,18,19,20,13;26,25,24;22,15,8,9,10,11,12;6,5,4,3,2,1,0,7,14,21,28,35,42,43,44,45,46,47,48,41,34,27;16,23,30,31,32,33;29,36,37,38,39,40
7,0,8,7;1,0,7,14,21,28,35,36,37,30;5,6,13,20,27,34,41,48,47,46;9,10,17,24,23,22,29;8,15,16;39,32,25,18,11,4,3,2;12,19,26,33,40;31,38,45,44,43,42
7,0,9,7;21,14,7,0,1,2,3,10,11,12,19,26,33,40;23,22,15,8;20,27,34,41;4,5,6,13;39,32,25,18,17,16,9;36,37,38;48,47,46,45,44,43,42,35,28,29,30,31,24
7,0,10,7;7,0,1,2,3,4,5,6,13,20,27;39,40,41,34;8,9,10,17,24;18,25,32,31,30,23,16,15,14,21,28,35,42,43,44;11,12,19,26,33;37,36,29,22;38,45,46,47,48
7,0,11,7;45,46,47,48,41,34,27,20,13,6,5,4;3,2,9,8,15,22,23;1,0,7,14,21,28,29,30,37,44,43;16,17,10;42,35,36;11,18,25,24,31,38,39,40;12,19,26,33,32
7,0,12,6;21,14,7,0,1,2,3;4,11,12,19,26,33,40,39,38,37,36,29,22;30,23,16;15,8,9,10,17,24,31;32,25,18;5,6,13,20,27,34,41,48,47,46,45,44,43,42,35,28
7,0,13,7;43,36,29;48,47,40;41,34,33,32,39;46,45,38,31;22,15,8,9,10,11,12;16,17,18,19;42,35,28,21,14,7,0,1,2,3,4,5,6,13,20,27,26,25,24,23,30,37,44
7,0,14,5;33,26,19,12,11;23,24,31,38,37,36;10,9,8,15,22,29,30;48,47,46,45,44,43,42,35,28,21,14,7,0,1,2,3,4,5,6,13,20,27,34;16,17,18,25,32,39,40,41
7,0,15,6;40,33,26,19,12,11,10,3,2,1,0,7,14,21,28,29,30,31;9,8,15,22,23,24,25,32;42,35,36,37;16,17,18;39,46,47,48,41,34,27,20,13,6,5,4;38,45,44,43
7,0,16,6;14,21,22,23,30,31,32;33,40,39,38,37,36,29;24,25,26,19,12,5;1,2,9,10;6,13,20,27,34,41,48,47,46,45,44,43,42,35,28;3,4,11,18,17,16,15,8,7,0
7,0,17,5;9,16,17;14,21,28,29,30,31,32,25,18;7,0,1,2,3,10,11,12,19,26,33,40,39,38,37,36,35;42,43,44,45,46,47,48,41,34,27,20,13,6,5,4;8,15,22,23,24
7,0,18,6;43,44,37,38;16,17,18,25;24,31,32,39;45,46,47,40,33,26,19,12,11,10,9,8,15,22;48,41,34,27,20,13,6,5,4,3,2,1,0,7,14,21,28,35,42;36,29,30,23
7,0,19,4;5,6,13,20,27;18,11,4,3,2,1,0,7,14,21,28,35,42,43,44,45,46;48,41,34,33,32,31,30,23,16;12,19,26,25,24,17,10,9,8,15,22,29,36,37,38,39,40,47
7,0,20,7;18,17,16,15,8,1,2;46,47,48,41;11,12,19;24,23,22,29,28,35,42,43,44,45,38,39,40,33,34;36,37,30,31,32;0,7,14,21;25,26,27,20,13,6,5,4,3,10,9
7,0,21,6;36,29,30,31,32;7,0,1,2,3,10;9,8,15,14;37,38,39,40,33;20,27,34,41,48,47,46,45,44,43,42,35,28,21,22,23,16,17,18,11,4,5;24,25,26,19,12,13,6
7,0,22,7;36,37,38;10,17,16,23;26,19,12;3,2,1,0,7,14,21,28;9,8,15,22,29,30,31,24,25,18,11,4,5,6,13,20,27;40,39,32;33,34,41,48,47,46,45,44,43,42,35
7,0,23,6;6,13,20,27,34,41,48,47,46,45,44,43,42;10,11,18,25,32,31,30,23;37,36,29,22,15;38,39,40,33,26,19,12,5,4,3,2,1,0,7;35,28,21,14;8,9,16,17,24
7,0,24,5;6,13,12,11,10,9,8;5,4,3,2,1,0,7,14,21,28;42,35,36,29,22,15,16,17,18,19,26,33,40;43,44,45,38,31;37,30,23,24,25,32,39,46,47,48,41,34,27,20
7,0,25,6;38,37,36,29;31,30,23,22,15,8,9,10,3,4,5,6;16,17,24;11,18,25,32,39,46,45,44,43,42,35,28,21,14,7,0,1,2;12,13,20,27,34,41,48,47;19,26,33,40
7,0,26,7;40,39,38,31,30,23;12,19,26,33;3,4,11,18,17,16,15,22,29,36;0,1,2,9,10;32,25,24;37,44,45,46,47,48,41,34,27,20,13,6,5;8,7,14,21,28,35,42,43
7,0,27,6;25,18,11;4,3,10,17;6,5,12,19,26,33,40,39,38,37,30,23,16,9,2,1,0;14,21,28,35,42,43,44,45,46,47,48,41,34,27,20,13;32,31,24;36,29,22,15,8,7
7,0,28,5;31,30,23,16,9,2,3;5,4,11,10,17,24;34,41,48;6,13,12,19,18,25,32,39,38,37,36,29,22,15,8,1,0;20,27,26,33,40,47,46,45,44,43,42,35,28,21,14,7
7,0,29,7;6,5,12,19,18;0,7,14,21,28,35,42,43,44,37;36,29,22,15,8,1,2,3;38,45,46,47,40,33,26,27,20,13;39,32,31,30,23,16,9;34,41,48;25,24,17,10,11,4
7,0,30,5;19,18,17,16,15,22,29,36;39,40,33,26,25,24,23,30,37;0,1,8,9,10,11,12;32,31,38,45,44,43,42,35,28,21,14,7;2,3,4,5,6,13,20,27,34,41,48,47,46