7:8,0,61,6;49,50,51,52,53,54,47,40,33,26;28,21,14,7,0;43,44,37,38,31,24,17,10,11,12;42,35,36,29,30,23,16,9;45,46,39,32,25,18,19,20,27,34,41,48,55;13,6,5,4,3,2,1,8,15,22
7:8,0,62,7;43,36,29,28;52,53,54,55;34,33,26,19,12,11,10,9,8;41,40,39,32,31,24,23,22,21,14,7,0,1,2,3,4,5,6,13,20,27;48,47,46,45,38,37,30;44,51,50,49,42,35;25,18,17,16,15
7:8,0,63,7;21,28,29,30,23,24,25,26,33,40,47,54,53,52,51,50;14,7,8,9,10,11,12,5,6;0,1,2,3,4;55,48,41,34,27;13,20,19,18,17,16,15,22;43,44,45,46,39,32,31;38,37,36,35,42,49
7:8,0,64,8;37,36,35,28,21,14;0,7,8,15,16,23;42,49,50,51,52,53,46,39;43,44,45,38;48,41,34,27,20,13,6;22,29,30,31,32,25,18,11,4,3;55,54,47,40,33,26,19,12,5;1,2,9,10,17,24
7:8,0,65,7;33,40,47;3,2,1,8,15,22,29,36,43;39,46,53,54,55,48,41,34,27,20,13,6,5,4;0,7,14,21,28,35,42,49,50,51,44,37,30,31,32,25,26,19;52,45,38;10,9,16;12,11,18,17,24,23
7:8,0,6,4;24,31,32,39,46,53;44,43,36,29,22,15,8,9,10,11,12,19;55,54,47,40,33,26,25,18,17,16,23;30,37,38,45,52,51,50,49,42,35,28,21,14,7,0,1,2,3,4,5,6,13,20,27,34,41,48
7:8,0,6,4;44,43,36,35,28,21,14,7,0,1,2,3,4,5,6,13,20,27,34,41,48;19,12,11,10,9,8,15,22,29,30,37,38,45,52,51,50,49,42;24,31,32,39,46,53;55,54,47,40,33,26,25,18,17,16,23
7:8,0,26,9;45,46,53,54,55,48,41,34,27,26,25,18,17,16,9,8,7,14;13,6,5,4,3;15,22,21,28,35,42,49,50,51,52;31,32,33;24,23,30,37,44;0,1,2;29,36,43;10,11,12,19,20;38,39,40,47
7:8,0,27,8;14,21,22,23,24,17,10,3,4,5,6,13,20,27,34,41,48,55,54;16,9,2,1;0,7,8,15;39,38,37,30,29,28;25,26,19;12,11,18;53,52,51,50,49,42;31,32,33,40,47,46,45,44,43,36,35
7:8,0,28,8;11,10,17;12,19,18,25,24,23,16;9,8,15,22,29;42,43,36,37,30,31;27,20,13,6,5,4,3,2,1,0,7,14,21,28,35;44,45,38,39,32;54,55,48,41,34;49,50,51,52,53,46,47,40,33,26
7:8,0,29,8;11,12,19,26,33,40,47,48;36,37,38,31,24,17,16,15,22,21;3,2,1,0,7,14;23,30,29;8,9,10;41,34,27,20,13,6,5,4;55,54,53,52,51,50,49,42,35,28;43,44,45,46,39,32,25,18
7:8,0,30,8;30,29,28,21;50,43,44,45,46,39;38,37,36,35,42,49;8,9,16,17,18,11;51,52,53,54,47,40,33,32,31;13,12,19,26,25,24,23,22,15,14,7,0,1,2,3,10;55,48,41,34,27,20;6,5,4