7:9,0,66,6;55,48,41,34,27,20,13,6,5,4,3,2,1,0,7,14,21,28,35,36,43,50,51,52;30,37,44,45;15,8,9,10,11,12,19,26,33,40,47,54;42,49,56,57,58,59,60,61,62;38,31,24;53,46,39,32,25,18,17,16,23,22,29
7:9,0,67,8;42,49,56,57,58,59,60,61,62,55,48,41,34,27,20,13,6;39,46,45,44;5,12,19,26,25,32,31,38;4,11,18,17,24;8,9,10;33,40,47,54,53,52,51,50,43,36,35,28,21,14,7,0,1,2,3;23,16,15;37,30,29,22
7:9,0,68,8;30,23,16,9,2,3,4,5,6,13,20,27,34,41,40;47,48,55,62,61,60,59,58,57,56,49,42,35,28,29,22,15,8,1;11,18,25;24,17,10;44,45,46;54,53,52,51,50,43,36,37,38,39;12,19,26,33,32,31;21,14,7,0
7:9,0,69,9;8,15,22,29;18,25,26,33,40,47,54;17,24,31,38,45,44;36,37,30,23,16,9,10,3;4,11,12,19,20,27,34,41,48,55,62,61,60,53;13,6,5;59,58,57,56,49,42,35,28,21,14,7,0,1,2;46,39,32;43,50,51,52
7:9,0,70,6;9,16,17,24,31,38,45,46,47,48,41;55,62,61,60,59,58,57,50,43,36,29,28,21,14,7,0,1,2,3,10,11,18,25,32,39;8,15,22,23,30,37,44,51,52,53,54;12,19,26;56,49,42,35;40,33,34,27,20,13,6,5,4
7:9,0,7,5;59,60,61,62,55,48,47,40,33,26,25,18,17,16;23,24,31,32,39,46,53,54;38,45,52,51,58,57,56,49,42;19,12,11,10,9,8,15,22,29,30,37,44;50,43,36,35,28,21,14,7,0,1,2,3,4,5,6,13,20,27,34,41
7:9,0,1,4;30,29,22,15,8,9,2,3,4,5,6,13,20,27,34,41,48,55,62,61,60,59,58;50,51,52,53,54,47,40,33,26,19,12,11,10;1,0,7,14,21,28,35,36,37,38,31,24,23;57,56,49,42,43,44,45,46,39,32,25,18,17,16
7:9,0,2,4;38,39,32,33,34,27,20,13,6,5,4,3,2,1,0,7,14,21,28,35,42,49,56,57,58,59,60,61,62;26,25,18,17,16,23;41,40,47,46,45,44,37,30,31,24;19,12,11,10,9,8,15,22,29,36,43,50,51,52,53,54,55,48
7:9,0,3,4;25,32,39,46,45,52,59;0,7,14,21,28,35,42,49,56,57,58,51,44,37,38,31,24,17,18,19,26,33,40,47,54,53;50,43,36,29,22,15,8,1,2,3,4,5,6,13,20,27,34,41,48,55,62,61,60;12,11,10,9,16,23,30
7:9,0,4,5;12,19,26,33,40,47,54,53,52,51,50,49,42;46,45,44,43,36,35;56,57,58,59,60,61,62,55,48,41,34,27,20,13,6,5,4,11,18,17,16;3,10,9,8,15,22,23,24,31;2,1,0,7,14,21,28,29,30,37,38,39,32,25
7:9,0,5,4;38,39,40,33,26,19,12,5,4,3,2,1,0,7,14,21,28,35,42,49,56,57,58,59,60,61;6,13,20,27,34,41,48,47,46,45,44,37,30,23;32,25,18,11,10,9,8;31,24,17,16,15,22,29,36,43,50,51,52,53,54,55,62
7:9,0,6,4;57,56,49,42,35,28,21,22,23,24,31,38,39,46;32,25,18,17,16,15,14,7,0;30,37,44,45,52,53,54,47,40,33,26,19,12,11,10,9,8,1;2,3,4,5,6,13,20,27,34,41,48,55,62,61,60,59,58,51,50,43,36,29
7:9,0,7,4;36,43,50,51,52,53,54,47,40,33,32,25,18,17,16,9,2,3,4,5,6,13,20;39,46,45,44,37,30,29,28,21,14,7;0,1,8,15,22,23,24,31,38;35,42,49,56,57,58,59,60,61,62,55,48,41,34,27,26,19,12,11,10
7:9,0,8,4;43,36,37,38,39,32,25,18,17,16,23,22,21,14,7,0,1,2,3,4,5,6,13,20,27,34,41,48,55,62,61,60;15,8,9,10,11,12,19,26,33,40,47,54,53,52,59,58,57,56;49,50,51,44,45,46;42,35,28,29,30,31,24
7:9,0,9,5;31,24,17,10,3,2,1,0,7,14,21,28,35,42,49,56;15,22,29,36,43,50,57,58,59,60,61,62,55,48,41,34;54,47,40,33,26,27,20,13,6,5,4,11;12,19,18,25,32,39,46,53,52,51,44;8,9,16,23,30,37,38,45
7:9,0,10,5;49,56,57,58,59,60,61,62,55,48,47,46,45,44;54,53,52,51,50,43,42,35,28,21,14,7,0,1,2,3,4,5,6,13,20;36,37,30,23,16,17,18,25,32,33,34;29,22,15,8,9,10,11,12,19,26,27;41,40,39,38,31,24
7:9,0,1,5;61,60,59,58,57,56,49,42,35,28,21,14,7,0,1,2,3,4,5,6,13,20,19,18,17,16;38,39,46,53,54,55,62;23,24,25,26,27,34,41,48,47;44,37,30,31,32,33,40;12,11,10,9,8,15,22,29,36,43,50,51,52,45
7:9,0,2,4;40,47,46,45,44,37,30,23,16,17,18,19;12,11,10,9,8,15,22,29,36,43,50,51,52,53,54;31,24,25,26,27,20,13,6,5,4,3,2,1,0,7,14,21,28,35,42,49,56,57,58,59,60,61,62;55,48,41,34,33,32,39,38
7:9,0,3,3;12,19,26,33,32,39,46,45,44,37,30,23,16,17,10,3,2,1,0,7,14,21,28,35,42,49,56,57,58,59,60,61,62,55,48;9,8,15,22,29,36,43,50,51,52,53,54,47,40,41,34,27,20,13,6,5;38,31,24,25,18,11,4
7:9,0,4,4;27,26,25,24,31,38;39,46,45,44,37,30,23,22,15,8,9,10,11,12;34,41,48,55,62,61,60,59,58,57,56,49,42,35,28,21,14,7,0,1,2,3,4,5,6,13,20,19,18,17,16;32,33,40,47,54,53,52,51,50,43,36,29
7:9,0,5,4;46,45,52,59,60,61,62,55,48,41,34,27,20,13,6,5,4,3,2,1,0,7;24,31,30,29,36,43,50,49,56;53,54,47,40,33,26,19,12,11,10,9,8,15,14,21,28,35,42;57,58,51,44,37,38,39,32,25,18,17,16,23,22
7:9,0,6,3;8,15,22,29,36,43,50,51,52,53,54,47,40,33,26,19,20,13;6,5,4,3,10,17,24,31,38;27,34,41,48,55,62,61,60,59,58,57,56,49,42,35,28,21,14,7,0,1,2,9,16,23,30,37,44,45,46,39,32,25,18,11,12
7:9,0,7,4;46,45,44,37,30,29,22,15,8,1,2,3,4,5,6,13;0,7,14,21,28,35,42,49,56,57,58,59,60,61,62,55,48,41,34,33,32,31,24,23,16,9,10,11,12,19;36,43,50,51,52,53,54,47,40,39,38;20,27,26,25,18,17
7:9,0,8,4;54,53,52,51,50,43,36,29,22,15,8,9,10,11,12,13;39,38,31,24,25,26;34,27,20,19,18,17,16,23,30,37,44,45,46,47;32,33,40,41,48,55,62,61,60,59,58,57,56,49,42,35,28,21,14,7,0,1,2,3,4,5,6
7:9,0,9,3;8,9,10,11,12,19,26,33,40,47,54,53,52,51,50,43,36;29,30,37,44,45,46,39,32,25,18,17,16,15,14,7,0,1,2,3,4,5,6,13,20,27,34,41,48,55,62,61,60,59,58,57,56,49,42,35;28,21,22,23,24,31,38
7:9,0,10,4;56,57,58,59,60,61,54,47,40,33,26,25;62,55,48,41,34,27,20,19,18,17,24,31,32,39,46,53,52,51,50,49,42,35,28,21,14,7,0,1,2,3,4,5,6;8,15,22,29,36,43,44,45;13,12,11,10,9,16,23,30,37,38
7:9,0,7,4;56,57,58,59,60,53,46,39,32,31,24;44,43,36,29,28,21,14,7,0,1,2,3,4,5,6,13;55,48,41,34,27,20,19,12,11,10,9,8,15,22,23,30,37,38,45,52,51,50,49,42,35;62,61,54,47,40,33,26,25,18,17,16