8:10,0,96,8;61,60,59,51;46,45,37,29,21,20,12,4,3,2,1,0,8,16,24,32,40;35,34,26,18;36,28,27,19,11,10,9,17,25,33,41,49,48,56,64,72,73,74,75,76,77,69;38,30,22,14;65,57,58,50,42,43,44,52,53,54,62,70;78,79,71,63,55,47,39,31,23,15,7,6,5,13;66,67,68
8:10,0,97,9;42,43,51,59,60,61,62;28,27,19,11,10;46,38,30,22,14;8,0,1,2,3,4,12,20;24,32,40,48,56,57,65,66,67,68,69,70,71,63,55,47,39,31,23,15,7,6,5,13,21,29,37,45;79,78,77,76,75,74,73,72,64;54,53,52,44,36,35,34,26,18;25,33,41,49,50,58;9,17,16
8:10,0,98,10;51,52,53,54,55,63;61,62,70,71;76,68,60,59,58,50,42,43,44,45,46,47,39,31,23,15,7,6,5,4,3,11,10,9,8;26,34,35,36,37,38,30;2,1,0;75,74,73,72,64,56,48,40,32,24,16,17;67,66,65,57,49,41,33,25;79,78,77,69;18,19,27,28,29,21,22,14;13,12,20
8:10,0,99,9;33,32,40,48,56,64,72,73,74,75,76,77,78,79,71,63,55,47,46;45,37,29,30,22,14,13,5;60,59,51,43,35;6,7,15,23,31,39,38;54,62,70;36,28,27,19,11,10,9,17;44,52,53,61,69,68,67,66,58,50,42,34,26,18;21,20,12,4,3,2,1,0,8,16,24,25;41,49,57,65
8:10,0,100,8;36,35,27,19,11,12,13,14,6,7;0,8,16,24,32,40,48,56,64,72,73,74,66,67,68,69,70,78,79;58,57,65;5,4,3,2,10,18,26,34,42,43,44,52,53,54,55,63,71;21,22,30,38;1,9,17,25,33,41,49,50,51,59,60,61,62;15,23,31,39,47,46,45,37,29,28,20;77,76,75
8:10,0,12,5;79,78,77,76,75,74,73,72,64,56,48,40,32,24,16,8,0,1,2,10,18,26,34,42,50;58,59,51,43,35,27,19,11,3,4,5;9,17,25,33,41,49,57,65,66,67,68,69,70,71,63,55,47,39;31,30,38,46,54,62,61,60,52,44,36,28,20,12,13,14,6;7,15,23,22,21,29,37,45,53
8:10,0,11,5;46,54,62,70,78,77,76,75,74,73,72,64,56,48,40,32,24,16,8,0,1,2,3,4,5,6;79,71,63,55,47,39,31,23,22,21,29,28,27,35,43,51,59;36,44,52,60,68,67,66,65,57,49,41,33,25,17,9,10,11,12,13,14,15,7;69,61,53,45,37,38,30;58,50,42,34,26,18,19,20
8:10,0,12,5;30,22,14,13,12,11,10,9,17,25,26,27,35,43,51,52;71,79,78,77,76,75,74,73,72,64,56,48,40,32,24,16,8,0,1,2,3,4,5,6,7,15,23,31,39,38,37,29,21;44,36,28,20,19,18;63,55,47,46,45,53,61,60,59,58,50,42;54,62,70,69,68,67,66,65,57,49,41,33,34
8:10,0,13,5;64,56,48,40,32,24,16,8,0,1,2,3,4,5,6,7,15,23,31,39,47,46,45,53,61,62;29,21,20,19,18,26,34,33,41,49,57,65,73,72;70,69,68,67,59,51;60,52,44,36,37,38,30,22,14,13,12,11,10,9,17,25;54,55,63,71,79,78,77,76,75,74,66,58,50,42,43,35,27,28
8:10,0,14,4;74,66,58,59,60,61,53,45,44,43,35,27,28,29,30,31,39,47,55,63,71,79,78,77,76;14,13,12,11,10,9,17,25,33,41,49,57,65;52,51,50,42,34,26,18,19,20,21,22,23,15,7,6,5,4,3,2,1,0,8,16,24,32,40,48,56,64,72,73;75,67,68,69,70,62,54,46,38,37,36
8:10,0,15,5;25,33,41,49,57,65,66,67,59,51,43,35,27;12,13,14,22,30,38,46,54,62,70;5,6,7,15,23,31,39,47,55,63,71,79,78,77,69,61,53,45,37,29,21,20,19,11,10,9;58,50,42,34,26,18,17,16,8,0,1,2,3,4;28,36,44,52,60,68,76,75,74,73,72,64,56,48,40,32,24
8:10,0,16,6;65,66,67,68,69,70,62,54,55,47;6,14,22,30,29,37,36;10,9,17,25,33,41,49,57,58,59,60,52;44,43,35,27,28,20,21,13,5,4,3,2,1,0,8,16,24,32,40,48,56,64,72,73,74,75,76,77,78,79,71,63;51,50,42,34,26,18,19,11,12;61,53,45,46,38,39,31,23,15,7
8:10,0,17,5;27,35,43,44,45,53,61,69,70;46,54,62,63,71,79,78,77,76,75,74,73,72,64,56,48,40,32,24,16,8,0,1,2,3,4,5,6,7,15,23;55,47,39,38,37,36,28;51,52,60,68,67,66,65,57,49,41,33,25,17,9,10,11,12,13,14,22,30,31;59,58,50,42,34,26,18,19,20,21,29
8:10,0,18,4;42,50,58,59,60,61,62,54,46,38,30,22,14,13,12,11,10;41,49,57,65,66,67,68,69,70,71,63,55,47,39,31,23,15,7,6,5,4,3,2,1;0,8,9,17,18,19,20,21,29,37,45,53,52,51,43,35,34,33,32,40,48,56,64,72,73,74,75,76,77,78,79;16,24,25,26,27,28,36,44
8:10,0,19,4;36,44,45,46,47,55,63,71,79,78;39,38,37,29,28,27,35,43,51,52,53,54,62,70,69,77,76,75,74,73,72,64,56,48,40,32,24,16,8,0,1,2,3,4,5,6,7,15,23;68,67,66,65,57,49,41,33,25,17,9,10,11,12,13,14,22,30,31;21,20,19,18,26,34,42,50,58,59,60,61
8:10,0,20,5;47,55,63,71,79,78,77,76,75,74,73,72,64,56,57,58,50,42,34,26,18,19,20,21,22;45,46,54,62,70,69,68,67,66,65;61,53,52,44,36,37,38,39,31,23,15,7,6,5,4,3,2,1,0,8,16,24,32,40;48,49,41,33,25,17,9,10,11,12,13,14;30,29,28,27,35,43,51,59,60
8:10,0,11,4;58,59,51,43,35,34,33;61,60,52,44,36,28,27,26,25,24,32,40,41;48,56,64,72,73,74,75,76,77,78,79,71,63,55,47,46,38,30,22,14,13,12,11,10,9;39,31,23,15,7,6,5,4,3,2,1,0,8,16,17,18,19,20,21,29,37,45,53,54,62,70,69,68,67,66,65,57,49,50,42
8:10,0,12,5;1,2,3,11,19,27,35,43,42;57,65,66,67,68,69,70,62,54,46,38,30,22;51,52,44,36,28,20,12,4,5,6,7,15,23,31,39,47,55,63,71,79,78,77,76,75,74,73,72,64,56,48,40,32,24;14,13,21,29,37,45,53,61,60,59,58,50,49,41,33,25,17,16;34,26,18,10,9,8,0
8:10,0,13,5;37,29,21,13,12,11,10,9,17,25,33,41,49,57,65,66,67,68;27,26,34,42,50,58,59,60,61,69;55,63,71,79,78,77,76,75,74,73,72,64,56,48,40,32,24,16,8,0,1,2,3,4,5,6,14,22,30,38;18,19,20,28,36,35,43,51,52,53,54,62,70;44,45,46,47,39,31,23,15,7
8:10,0,14,5;14,13,12,11,10,9,17,25;72,64,65,66,67,68,69,70,62,54,46,45,44,52,51,50,49,41,33,34,26,18,19,20,21,22,23;42,43,35,27,28,29,30,31;36,37,38,39,47,55,63,71,79,78,77,76,75,74,73;15,7,6,5,4,3,2,1,0,8,16,24,32,40,48,56,57,58,59,60,61,53
8:10,0,15,4;28,27,35,43,51,59,67,75,76,77,78,79;29,21,20,19,18,26,34,42,50,58,66,74,73,72,64,56,48,40,32,24,16,8,0,1,2,3,4,5,6,7,15,23,31,39,47,46,54;65,57,49,41,33,25,17,9,10,11,12,13,14,22,30,38,37,45,53,61,62;55,63,71,70,69,68,60,52,44,36
8:10,0,16,4;15,14,22,30,38,46,45,44,36,28,20,12,4,3,2,1,0,8,16,24,32,40,48,56,64,72,73,74,75,76,77,69,70;78,79,71,63,62,61,60,59,58,50,42,34,26,18;37,29,21,13,5,6,7;23,31,39,47,55,54,53,52,51,43,35,27,19,11,10,9,17,25,33,41,49,57,65,66,67,68
8:10,0,17,5;70,69,68,67,66,65,57,49,41,33,25,17,9,10,11,12,13,14;37,29,28,27,35,43,51;31,39,47,55,54,53,52,44,36;59,58,50,42,34,26,18,19,20,21;45,46,38,30,22,23,15,7,6,5,4,3,2,1,0,8,16,24,32,40,48,56,64,72,73,74,75,76,77,78,79,71,63,62,61,60
8:10,0,18,6;51,52,53,61,62,70,78,77,76,75,74,73,72,64,56,48,40,32;10,11,12,13,14,22,30,38,46,54;79,71,63,55,47,39,31,23,15,7,6,5,4,3,2,1,9,17,18,19,20,21,29,37;0,8,16,24,25,26,27,28,36,44,45;43,42,50,58,59,60;35,34,33,41,49,57,65,66,67,68,69
8:10,0,19,4;27,28,36,44,52,60,68,76,75,74,73,72,64,56;35,34,26,18,19,20,21,29,37,45,53,61,69;58,50,49,48,40,32,24,16,8,0,1,2,3,4,5,6,7,15,23,31,39,47,55,63,71,79;77,78,70,62,54,46,38,30,22,14,13,12,11,10,9,17,25,33,41,42,43,51,59,67,66,65,57
8:10,0,20,5;36,44,45,46,47,39,31,23,15,7,6,5,4,3,2,1,0,8,16,24,32,40,48,56,64,72,73,74,75,76,77,78,70;38,37,29,28,27,35;79,71,63,62,61,69,68,67,66,65,57;21,20,19,18,26,34,42,43,51,52,53,54,55;30,22,14,13,12,11,10,9,17,25,33,41,49,50,58,59,60
8:10,0,12,5;23,31,39,47,55,63,71,79,78,77,76,75,74,73,72,64,56,48,40,32,24,16,8,0,1,2,3,11,19,18,26,34,42,50,58,59,60,61;53,52,51,43,35,27,28,20,12,4;15,14,22,30,38,46,45,44,36;10,9,17,25,33,41,49,57,65,66,67,68,69,70,62,54;7,6,5,13,21,29,37
8:10,0,1,8;32,40,48,56,64,72;69,77,78,79,71,63,55,47,39,31,23,22;9,17,18,26,34,33,41,49,57,65,73,74;15,14,13,12,20,28,36,44,52,51,59,67;3,4,5,6,7;21,29,30,38,46,54,62,70;37,45,53,61,60,68,76,75;66,58,50,42,43,35,27,19,11,10,2,1,0,8,16,24,25
8:10,0,2,6;14,13,12,11,10,9,17,25;58,59,60,61;43,42,41,40,48,56,64,72,73;18,26,27,28,29,37,45,53;76,77,78,79,71,63,55,47,39,31,23,15,7,6,5,4,3,2,1,0,8,16,24,32,33,34,35,36,44,52,51,50,49,57,65,66,74;75,67,68,69,70,62,54,46,38,30,22,21,20,19
8:10,0,3,10;51,52,44;30,22,14;43,42,34,26,18,10,11,3;67,59,58,50;5,6,7,15,23,31,39,47,55,63,71,79,78,77,76,75,74,66,65,57,49,41,33,25,17,9,1,2;0,8,16,24,32,40,48,56,64,72,73;60,68,69,70,62,54,46,38,37,29,21,13;61,53,45;35,27,19;36,28,20,12,4
8:10,0,4,8;21,29,37,45,53,61,60,59,58;19,18,26,34;15,7,6,5,4,3,2,1,0,8,16,24,32;31,30,38,46,54,62,70,69,68,67,66,65;20,12,11,10,9,17,25,33,41,40,48,56,64,72,73,74,75,76,77,78,79,71,63,55,47,39;23,22,14,13;42,43,35,27,28;36,44,52,51,50,49,57
8:10,0,5,9;54,62,70,78,77,76,68,60,52,51,50,49;58,59,67,75;20,19,18;66,74,73,72,64;6,5,4,3,2,1,0,8,16,24,32,33,34,35,36,37,38,46;21,22,23;65,57,56,48,40,41,42,43,44;45,53,61,69;79,71,63,55,47,39,31,30,29,28,27,26,25,17,9,10,11,12,13,14,15,7
8:10,0,6,7;79,71,63,55,47,39,31,23,15,7,6,5,4,3,2,10,9,17,25,33,41,49,57,65,66,67,68,69;53,52,51,43,35,27,28;78,77,76,75,74,73,72,64,56,48,40,32,24,16,8,0,1;54,46,38,30,22,14,13,12;11,19,20,21,29,37;45,44,36;18,26,34,42,50,58,59,60,61,62,70
8:10,0,7,9;23,15,14,13,21;73,74,75,76,77,78,79,71,63,55,47,39,31;49,50,42,43,35,36;7,6,5,4,12,11,10,18,17,25;9,8,16,24,32,40,48,56,57,58,59,60,61,53,45,37,29,28;72,64,65,66,67,68,69,70,62,54,46,38,30,22;20,19,27,26,34,33,41;51,52,44;0,1,2,3
8:10,0,8,8;55,47,39,31,23,15,7,6,5,4,3,2,1,0,8;56,64,72,73,74,75,76,77;25,33,32,40,48,49,57,65,66;71,63,62,54,53,45,44,36,28,27,19,18,17,16,24;41,42,50,58,59,67,68;46,38,30,22,14,13,12,11,10,9;37,29,21,20;26,34,35,43,51,52,60,61,69,70,78,79
8:10,0,9,9;73,72,64;28,36,44,52,60,61;0,1,2,3,4,5,6,7,15,23,31,39,47,55,63,71,79,78,77;13,14,22;56,57,65,66,74,75,76;40,32,24,16,8,9,10,11,12,20,21,29,37,45,53,54,62;26,34,42,50,58;70,69,68,67,59,51,43,35,27,19,18,17,25,33,41,49,48;30,38,46
8:10,0,10,7;77,78,79,71;24,16,8,0;70,69,68,76,75,74,73,72,64,56,48,40,32,33,34,35,27,19,18;21,29,37,45,53;58,50,51,52,44,36,28,20,12,11,10;26,25,17,9,1,2,3,4,5,6,7,15,23,31,39,47,55,63;13,14,22,30,38,46,54,62,61,60,59,67,66,65,57,49,41,42,43
8:10,0,11,10;58,59,60;38,30,22,14,13,5,4,3,2,1,0,8;76,68,67,66,65,57,49,41,40,32,24,16;70,62,54,46,45,37,29,21,20,19,18,17,9;25,26,27,28;51,52,53,61,69,77,78,79,71,63,55,47,39,31,23,15,7,6;33,34,35,36;48,56,64,72,73,74,75;12,11,10;44,43,42,50
8:10,0,12,9;75,67,68,69,70,71,63,55,47,39,31,23,15,7,6,5,4,3,2,1,0,8;76,77,78,79;52,53,45,46,38,30,22,21,20,19,18,26,25,33,41,42,43;40,48,56,57,65;37,36,44;14,13,12,11,10,9,17,16,24,32;29,28,27,35,34;54,62,61,60,59,58,66,74,73,72,64;51,50,49
8:10,0,13,7;73,72,64,56,48,40,32,24,16,8,9,10,11,12,13;55,54,53,45,44,43,35,27,28,29,30,22,14;51,52,60,61,62,63;79,71,70,69,68,67,59,58,50,42,34,26,18,19,20,21;17,25,33,41,49,57,65,66,74,75,76,77,78;0,1,2,3,4,5,6,7,15,23,31,39;47,46,38,37,36
8:10,0,14,7;37,36,28;62,70,69,68,67,66,65,64,56,48,40;26,18,10,11,12,13,14,22;25,17,9,1,2,3,4,5,6,7,15,23,31,39,47,55,63,71,79,78,77,76,75,74,73,72;45,44,43,42,41,33,32,24,16,8,0;34,35,27,19,20,21,29,30,38,46,54,53,61,60,59,58,57,49;50,51,52
8:10,0,15,8;52,44,45,46,38,39;19,11,12,13,14;9,1,0;70,62,63,55,47;22,21,20,28,27,26,34,42,50,58,66,67,68,69,77,78,79,71;76,75,74,73,72,64,56,48,40,32,24,16,8;2,10,18,17,25,33,41,49,57,65;54,53,61,60,59,51,43,35,36,37,29,30,31,23,15,7,6,5,4,3
8:10,0,16,9;76,77,78,79,71,63,55,47,39,31,23,15,7,6,5,13,21,20,19,18,17,25,33,41,49,48,56,64,72;4,3,2,1,0,8,16,24,32,40;50,42,34,26,27,28,29,37;66,58,59;35,36,44,45,46,54,62;43,51,52,53,61,69,70;38,30,22,14;12,11,10,9;57,65,73,74,75,67,68,60
8:10,0,17,9;79,71,63,55,47,46,45,44,43,42,34,26,18;28,29,30,22,14,6,5,4,12,11,10,9,17,25,33,41,49,50,51,52,53,54;64,56,57,58,59,60,61;13,21,20;76,75,74,73,72;77,69,68,67,66,65;48,40,32,24,16,8,0,1,2,3;62,70,78;19,27,35,36,37,38,39,31,23,15,7
8:10,0,18,10;41,49,50;19,18,17;29,28,20,12,11,10,9;52,44,43,42,34,33,32,40,48,56,64,72,73,74,75,76;77,78,79,71,63,55,47;21,13,14;65,66,67,68,69,70,62,54,46;51,59,58,57;39,38,30,22;31,23,15,7,6,5,4,3,2,1,0,8,16,24,25,26,27,35,36,37,45,53,61,60
8:10,0,19,9;67,68,69,70;7,15,23,31,39,47,55,63,71,79,78,77,76,75,74,73,72,64,56,57,49,41,33,25,17,9,10,11,12,4;5,13,21,20,19,27,35,43;46,54,62,61,60,59,58,66,65;18,26,34,42,50,51,52,53,45,37,38,30;48,40,32;24,16,8,0,1,2,3;29,28,36,44;6,14,22
8:10,0,20,9;9,10,11,12,20,21,29,37,45,53,52,51,50,49,48,56,64,65,66;79,78,77,69,61,60;72,73,74,75,76;68,67,59,58,57;34,35,27,19,18,17,16;40,32,24,25,26;28,36,44,43,42,41,33;63,55,47,39,31,23,15,7,6;8,0,1,2,3,4,5,13,14,22,30,38,46,54,62,70,71
8:10,0,21,9;11,19,18,26,34,42,43,51,59,60,61,69,70,78,79;71,63,55,47,39,31,23,15;45,46,38,30,22,14,6,7;33,32,24,16,8,0,1;5,13,21,29,37,36,44,52,53,54,62;77,76,75,74,73,72,64;35,27,28,20,12,4,3,2,10,9,17,25;68,67,66,58,50,49,41,40;48,56,57,65
8:10,0,22,7;27,19,20,21,22,23,15,7,6,5,4,3,2,1,0,8;50,58,59,60,61,53,54,46,38,37;51,52,44,45;18,26,25,33,41,49,57,65,66,67,68,69,70,62;35,36,28,29,30,31,39,47,55,63,71,79,78,77,76,75,74,73,72,64,56,48;43,42,34;40,32,24,16,17,9,10,11,12,13,14
8:10,0,23,8;38,37,29,21;25,33,41,49,57,65,66,67,68,69,70,62;60,59,58,50,42,34,26,18,17,16,8,0,1;4,3,2,10,9;36,28,20,12,13,5,6,7,15,23,31,39,47;30,22,14;61,53,52,51;24,32,40,48,56,64,72,73,74,75,76,77,78,79,71,63,55,54,46,45,44,43,35,27,19,11
8:10,0,24,7;79,71,63,55,47,39,31,23,15,7,6,5,4,3,2,10,18;26,34,35,43,51;24,16,8;11,12,20,21,29,37,45,53,61,69,68,67,66,65,57,49,48,40,32;60,59,58,50,42,41,33,25,17,9,1,0;52,44,36,28,27,19;13,14,22,30,38,46,54,62,70,78,77,76,75,74,73,72,64,56
8:10,0,25,8;67,68,60,52,44,45,37,29,21;0,1,9,17,25,26,27,19,11,3,4,5,6,7,15,23,31,39,47,55,63,62,70,69,77,76,75,74,66,58,59,51,43;78,79,71;33,34,35,36,28,20,12,13,14,22,30,38,46,54,53,61;64,56,48,40,41,42;32,24,16,8;50,49,57,65,73,72;2,10,18
8:10,0,26,9;45,53,52,60,68,67,66,65;12,20,28;59,58,57,49,48,40,32,33,25,26,18;56,64,72,73,74,75,76,77,78,79,71,63,55,47,39,31;70,69,61;24,16,17,9,10;50,51,43,44,36,37,29,21,13,14;41,42,34,35,27,19,11,3,4,5,6,7,15,23,22,30,38,46,54,62;2,1,0,8
8:10,0,27,7;61,60,52,51,43,42,34,26,18,10,11,12,13,14;62,63,55,47,39,31,23,15,7,6,5,4,3,2,1,9,17,25,33,41,49,57,65,73;30,22,21,20,19,27,35,36,44,45;28,29,37,38,46,54,53;50,58,66,74,75,76,77,78;79,71,70,69,68,67,59;0,8,16,24,32,40,48,56,64,72
8:10,0,28,7;6,14,13,12,11,10,18,26,34,42,41,49,57,65,66,67,68,69,70,62,54,46,38,37,36,44,52;50,58,59;51,43,35,27,19,20,21,22,23,15,7;28,29,30,31,39,47,55,63,71,79,78,77,76,75,74,73,72,64,56,48,40;5,4,3,2,1,0,8,16,24,32;60,61,53,45;33,25,17,9
8:10,0,29,9;1,9,17,18;32,40,48,56,64,72,73,74,66,67,68,69,70,62,63,55,47,39;25,24,16,8,0;13,12,20,28,36,35,43,42,41,49;65,57,58,50,51,52,44,45,37,29,21;31,23,15,7,6,5,4,3;14,22,30,38,46,54,53,61,60,59;71,79,78,77,76,75;2,10,11,19,27,26,34,33
8:10,0,30,8;9,17,25,33,41,49,57,65,66,67,75,76,77,78,70,62,61,53,52,44,36,28;69,68,60,59,58,50,42,34,26,18,10;11,19,27,35,43,51;45,37,29,21,20,12;79,71,63,55,47,39,31,30,22,14,13,5,4;38,46,54;23,15,7,6;3,2,1,0,8,16,24,32,40,48,56,64,72,73,74