9:11,0,1,9;25,24,23;61,70,69,78,77,76,75,74,73,72,63,54,45,36;82,83,84,85,86,87,88,79;20,19,10;29,30,21,22,13,14,15,16;43,34,33,32,31,40,39,48;81,90,91,92,93,94,95,96,97,98,89,80,71,62,53,44,35,26,17,8,7,6,5,4,3;12,11,2,1,0,9,18,27,28,37,38,47,56,57,58,49,50,41,42;52,51,60,59,68,67,66,65,64,55,46
9:11,0,2,7;31,30,29,28,27;16,7,6,5,4,3,2,1,0,9,18,19,20,21,22,23,32,33,42,51,50,59,68;10,11,12,13,14,15,24,25,34,43,52,61,60,69,78,77,76,75,66;46,47,56,65,74,83,84,85,86,87,88,79,70,71,62,53,44,35,26,17,8;41,40,49,58,67;57,48,39,38,37,36,45,54,63,72,81,90;55,64,73,82,91,92,93,94,95,96,97,98,89,80
9:11,0,3,7;41,50,59,68,67;37,28,19,10,11,12,13,14,15,16,25,34,43,52,53,62,71,80,89,98,97,96,95,94,93,92;46,45,36,27,18,9,0,1,2,3,4,5,6,7,8,17,26,35,44;91,90,81,72,63,54,55,56,47,38,29,20,21,22,23,24,33,42,51,60,61,70,79,88,87,86,85,84,83;64,65,66,57,58,49,40,31,32;48,39,30;82,73,74,75,76,77,78,69
9:11,0,6,9;10,11,12,13,14,15,16,25,26,35;37,46,55,64,73,82,83,84,85,86,87,88,79,70,61,60,59,50,41,42,33;17,8,7,6,5,4,3,2,1,0;68,67,58,49,40;63,72,81,90,91,92,93,94,95,96,97,98,89,80,71,62,53,52,51;74,65,56,47,38,29,28,27,36,45,54;32,31,30,39,48,57,66,75,76,77,78,69;9,18,19,20,21,22,23,24;34,43,44
9:11,0,7,7;89,98,97,96;95,94,93,92,91,90,81,72,63,54,45,36,27,18,9,0,1,2,3,4,5,6,7,8,17,26,35,44,53,62,71,80,79,78;70,61,52,43,34,25,16,15,14,13,12,11;10,19,20,21,22,23,24,33,42,51,60,69,68,67,66,57;85,84,83,82,73,64,55,46,37,38,39,40,49,58;88,87,86,77,76,75,74,65,56,47,48;28,29,30,31,32,41,50,59
9:11,0,8,7;88,97,96,95,94,93,92,91,82,73,64,55,46,37,28,19,10;90,81,72,63,54,45,36,27,18,9,0,1,2,3,4,5,6,7,8,17,26,35,44,53,62,71;87,86,85,84,83,74,65,56,47,38,29,20,11,12;23,32,31,40,49,58,67;24,33,42,51,60;41,50,59,68,69,70,61,52,43,34,25;16,15,14,13,22,21,30,39,48,57,66,75,76,77,78,79,80,89,98
9:11,0,11,9;40,41,42,33,24;52,51,50;57,66,67,68,69,78;85,84,75,74,65,56,47,38,29,20,11,10,9,0;70,61,60,59,58,49,48,39;22,13,4,5,6,7,8,17,26,35,44,53,62,71,80,89,98,97,96,95,94,93,92,91,90,81,72,63,54,45,36,27;76,77,86,87,88,79;1,2,3,12,21,30,31,32,23,14,15,16,25,34,43;83,82,73,64,55,46,37,28,19,18
9:11,0,12,6;61,60,51,42,33,24,23,22,21,20,29,38,47,46,55,64,73,82;48,39,30,31,32,41,50,59,68,69,70;79,78,77,76,85;37,28,19,10,11,12,13,14,15,16,25,34,43,52;96,97,98,89,80,71,62,53,44,35,26,17,8,7,6,5,4,3,2,1,0,9,18,27,36,45,54,63,72,81,90,91,92,83,74,65,56,57,58,49,40;88,87,86,95,94,93,84,75,66,67
9:11,0,13,6;96,87,88,79,70,61,52,43,34,25,16,15,14;24,23,32,41,50,59,68,67,76,75,74,65,56,47,48,39,30,21,12,3,4,5,6,7,8,17,26,35,44,53,62,71,80,89,98,97;20,29,38,37,46,55,64,73,82,83,84,85;2,11,10,19,28;1,0,9,18,27,36,45,54,63,72,81,90,91,92,93,94,95,86,77,78,69,60,51,42,33;13,22,31,40,49,58,57,66
9:11,0,16,9;52,43,34,25,24,23,22,21,20,29,38,47;82,73,72;76,77,78,79,80,89,98,97,96,95,94,93,92,83,74;54,45,36,27,18,9,0,1,2,3,4,5,6,7,8,17,26,35,44,53,62;91,90,81;41,40,49,58,67;71,70,69,68,59,50;63,64,65,66,75,84,85,86,87,88;61,60,51,42,33,32,31,30,39,48,57,56,55,46,37,28,19,10,11,12,13,14,15,16
9:11,0,17,6;0,1,10,19,28,37,46,55,64,73,82,83,84,85,86,87;22,23,24,33,42;53,44,43,34,25,16,15,14,13,12,21;68,67,66,57,48,39,30,31,32,41,50,51,52,61,62,71,80,89,98,97,96,95,94,93,92,91,90,81,72,63,54,45,36,27,18,9;35,26,17,8,7,6,5,4,3,2,11,20,29,38,47,56,65,74,75,76,77,78,79,88;70,69,60,59,58,49,40
9:11,0,18,6;77,78,87,96,97,98,89,80,71,62,61,60,51;95,94,93,84,75,66,57,48,39,30,31,32;52,53,44,35,26,17,8,7,6,5,4,3,2,1,0,9,18,27,36,45,54,63,72;88,79,70,69,68,59,50;86,85,76,67,58,49,40,41,42,43,34,25,16,15,14,13,12,11,10,19,28,37,46,55,64,73,82;81,90,91,92,83,74,65,56,47,38,29,20,21,22,23,24,33
9:11,0,21,9;10,11,2,3,4,5,6,7,8,17,26;51,50,41,32;18,9,0,1;49,58,59,60,61,52,43,42,33,24;73,82,83,84,85,86,95,96,97,98,89,80,71,62,53,44,35,34,25;78,77,76,75,74,65,64,55,46,37,38,29,30,31,22,23,14,15,16;56,47,48,39,40;94,93,92,91,90,81,72,63,54,45,36,27,28,19,20,21,12,13;87,88,79,70,69,68,67,66,57
9:11,0,22,6;73,82,83,84,85,86,87,78,69,60,61,62,71,80,89,98;56,47,38,29,30,31,32,33,34,35,44,53,52;51,50,59,68,77,76,75,74;49,58,67,66,65,64,55,46,37,28,19,20,21,22,23,24,25,26,17,8,7,6,5,4,3,2,1,0;16,15,14,13,12,11,10,9,18,27,36,45,54,63,72,81,90,91,92,93,94,95,96,97,88,79,70;43,42,41,40,39,48,57
9:11,0,23,5;81,82,83,84,75,66,57,48,47,38,29,30,31,32,41,50,59,68,77,86,95,96,97,98,89,80,71,62,53,44,35,26,17,8,7,6,5,4,3,2,1,0;87,78,69,60,51,42,33,24,23,22,21,20,19,28,37,46,55,56;65,64,63,54,45,36,27,18,9,10,11,12,13,14,15,16,25,34,43,52,61,70,79,88;90,91,92,93,94,85,76,67,58,49,40,39;74,73,72
9:11,0,26,9;42,33,32,23,14,15,6;10,19,28,37,46,55,56,57,66,67,68,69,78;16,25,24;39,30,21;3,2,1,0,9,18,27,36,45,54,63,72,81,90,91,92,93,94,95;5,4,13,12,11,20,29,38,47,48,49,58,59,60,61,70,79,88;34,43,52,51,50,41,40,31,22;85,84,83,82,73;7,8,17,26,35,44,53,62,71,80,89,98,97,96,87,86,77,76,75,74,65,64
9:11,0,27,8;93,94,95,96,97,98;79,70,61,52,43,34,25,16,15,14,13;20,19,18,9,0,1,2,3,4,5,6,7,8,17,26,35,44,53,62,71,80,89,88,87,78,69,60,51,42,33,24;54,55,46,37,38,39;22,23,32,41,50,59,58,57,66,65,64,63,72,81,90,91,92,83,84,85,86,77;29,28,27,36,45;82,73,74,75,76,67,68;56,47,48,49,40,31,30,21,12,11,10
9:11,0,28,7;84,83,82;16,15,14,13,12,11,10,19,28,37,46,55,64,73,74,75,66,57,48,39,30,31,32,41,50,59;60,69,68,67,76,85,94,93,92,91,90,81,72,63,54,45,36;40,49,58;27,18,9,0,1,2,3,4,5,6,7,8,17,26,25,34,43,52,61,70,79,78,77,86,95,96,97,98;87,88,89,80,71,62,53,44,35;51,42,33,24,23,22,21,20,29,38,47,56,65
9:11,0,126,9;89,98,97,96,95,94,93,92,91,90,81,72,63,54;60,59,68,67,66,65,64,73,82,83,84,85,86,87,88,79,80,71,62;58,57,56,55,46,45,36,27,28,19;10,11,12,13,14,23,24,33,42,41,40,39,30,29;7,16,25,34,43,52,51,50,49,48,47,38,37;74,75,76,77,78,69,70,61;15,6,5,4,3,2,1,0,9,18;53,44,35,26,17,8;20,21,22,31,32
9:11,0,127,9;44,53,52,61,70,79,88,87,86,85,84,83,82,73,64,55;57,58,59,68,69,78;67,66,65,56;60,51,50,49,40,39,38,29,20,21,22,23,24,25;74,75,76,77;41,42,43;62,71,80,89,98,97,96,95,94,93,92,91,90,81,72,63,54,45,46,47,48;36,27,18,9,0,1,2,3,4,5,6,7,8,17,26,35,34,33,32,31,30;16,15,14,13,12,11,10,19,28,37
9:11,0,128,11;93,92,91,90;76,75,74,73,64,55,46,45;20,21,22,31,40,49,50,51,52,61,70;30,39,48,57,58,59,60,69,78,79,88,97,96,95,94,85,84,83,82,81,72,63,54;29,28,19,10,11;56,65,66,67,68,77,86,87;98,89,80,71,62,53,44,35,34,33,24;4,5,6,15;47,38,37,36,27,18,9,0,1,2,3,12,13,14,23,32,41,42,43;17,26,25;16,7,8
9:11,0,129,11;48,57,56,55,64,63;59,60,51,42,33,24,23;66,65,74,73,72;5,6,7,8,17,26,35,44,53,62,61,70,79,88,87,86,85,84,83,82,81,90;9,0,1,2,3,4;68,67,58,49,40,31,22,13,14,15,16,25,34,43,52;54,45,36,27,18,19,10,11,12,21,30,39,38;32,41,50;47,46,37,28,29,20;71,80,89,98,97,96,95,94,93,92,91;69,78,77,76,75
9:11,0,130,10;74,75,76,77,78,79,80,71,62,53,44,35;10,11,20,29,30;57,56,55,54,63,72,81,90,91,92,93,94,95,96,97,98;16,15,24,23,22,21,12,3,2;14,13,4;27,36,45,46,47,48;49,50,41,42,43,52;1,0,9,18,19,28,37,38,39,40,31,32,33,34,25,26,17,8,7,6,5;58,59,60,51;61,70,69,68,67,66,65,64,73,82,83,84,85,86,87,88,89
9:11,0,17,5;26,17,8,7,6,5,4,3,2,1,0,9,18,27,36,37,46,55,64,73,82,83,84,85;35,34,25,16,15,14,13,12,11,10,19,28,29,38,47,56,65,74,75,76,77,86,95,94,93,92,91,90,81,72,63,54,45;44,43,42,33,24,23,22,21,20;32,41,50,51,52,53,62,71,80,89,98,97,96,87,78,69,68,67,66,57,48,39;30,31,40,49,58,59,60,61,70,79,88
9:11,0,21,5;0,1,2,3,4,5,14,23,32,41,50;18,19,28,29,38,47,56,65,74,75,76,77,78,69,60,51,42,33,24,15,6,7,8,17,26,35,44,53,62,71,80,89,98,97,96,95,94,93,92,91,90,81,72,63,54,45;68,59,58,49,40,31,22,13,12;16,25,34,43,52,61,70,79,88,87,86,85,84,83,82,73,64,55,46,37,36,27;9,10,11,20,21,30,39,48,57,66,67
9:11,0,22,6;71,80,89,98,97,96,95,94,93,92,91,90,81,72,63,54,55,56,57,48,39,30,31,32,23;64,65,66,67,68,59,50,51,52,43,34,25,16;36,27,18,9,0,1,2,3,4,5,6,7,8,17,26,35,44,53,62,61,70,79,88,87,86,85,84,83,82,73;60,69,78,77,76,75,74;58,49,40,41,42,33,24,15,14,13,12,11,10,19,28,37,46,45;22,21,20,29,38,47
9:11,0,23,5;28,19,10,11,12,13,22,31,40,49;15,6,7,8,17,26,35,44,53,62,71,80,89,88,87,86,85,84,83,82,73,64,55,46,37,38,29;24,33,42,51,60,69,68,67,66,57,48,39,30,21,20;98,97,96,95,94,93,92,91,90,81,72,63,54,45,36,27,18,9,0,1,2,3,4,5,14,23,32,41,50,59,58;47,56,65,74,75,76,77,78,79,70,61,52,43,34,25,16
9:11,0,24,5;8,7,16,25,34,43,52,61,60,69,78,77;22,31,30,39,48,47,56,65,74,83;28,19,10,11,12,13,14,23,32,41,40,49,58,57,66,75,84;80,89,98,97,96,95,94,93,92,91,82,73,64,55,46,37,38,29,20,21;90,81,72,63,54,45,36,27,18,9,0,1,2,3,4,5,6,15,24,33,42,51,50,59,68,67,76,85,86,87,88,79,70,71,62,53,44,35,26,17
9:11,0,25,7;44,35,26,17,8,7,6,15,24,33,42,51,50;16,25,34,43,52,53,62,71,80,89,98,97,96,95,86,77;20,21,30,39,48,57,66,67,68,69,78,87,88;29,38,47,56,65,74,75,76,85,94,93,92,91,90,81,72,63,54,45,36,27;79,70,61,60,59,58,49,40,31,22,13,12,11,10,1;2,3,4,5,14,23,32,41;0,9,18,19,28,37,46,55,64,73,82,83,84
9:11,0,26,4;25,34,33,32,31,30,39,48,57,66,67,68,59,50,51,52,53,62,71,80,89,98,97,96,95,94,93,92,91,90,81,72,63,54,45,36,27,18,9,0,1,2,3,4,5,6,7,8,17;14,13,12,11,10,19,28,37,46,55,64,73,82,83,84,85,86,87,88,79,70,61,60;58,49,40,41,42,43,44,35,26;16,15,24,23,22,21,20,29,38,47,56,65,74,75,76,77,78,69
9:11,0,27,5;0,1,2,3,4,5,6,7,8,17,26,35,44,43,42,41,40,39,48,57,66,75,76;69,78,87,96,95,94,93,92,91;97,98,89,80,71,62,53,52,51,50,49,58,67,68,77,86,85,84,83,74,65,56,47,38,29,30,31,32,33,34,25,16,15,14,13,12,11,10,9,18,27,36,45,54,63,72,81,90;88,79,70,61,60,59;82,73,64,55,46,37,28,19,20,21,22,23,24
9:11,0,28,5;92,91,90,81,72,63,54,45,36,37,38,39,30,31,32,41,50,59;69,60,51,42,33,24,23,22,21,20,29,28,27;9,0,1,2,3,4,5,6,7,8,17,26,35,44,53,62,71,80,89,88,87,86,85,76,75,66,57,48,47,46,55,64,73,82;40,49,58,67,68,77,78,79,70,61,52,43,34,25,16,15,14,13,12,11,10,19,18;98,97,96,95,94,93,84,83,74,65,56
9:11,0,29,5;12,13,14,15,16,25,34,43,44;66,57,48,39,30,21,22,23,24;9,18,27,36,45,54,63,72,81,90,91,92,93,94,95,96,97,98,89,80,71,62,53,52,51,42,33,32,31,40,49,58,67,68,69,78;41,50,59,60,61,70,79,88,87,86,85,84,83,82,73,64,55,46,37,28,19,10,1,0;77,76,75,74,65,56,47,38,29,20,11,2,3,4,5,6,7,8,17,26,35
9:11,0,30,5;12,13,14,15,16,25,34,43,42,41,32,31,30,39,48,57,66;50,51,52,61,70,79,88,97;1,0,9,18,27,36,45,54,63,72,81,90,91,92,93,94,95,96,87,78,69,60,59,58,49,40;68,77,86,85,84,83,82,73,64,55,46,37,28,19,10,11,2,3,4,5,6,7,8,17,26,35,44,53,62,71,80,89,98;67,76,75,74,65,56,47,38,29,20,21,22,23,24,33
9:11,0,1,7;47,48,49,40,31,22,13,14,15,16,25,34,33,42,51,60,69,68,67,66,75,74,73,72,81,90,91,92,93,94,95,96,97,98,89,80,71,62,53;24,23,32,41,50,59,58,57,56,65,64,63,54,45,36,27,28;1,0,9,18;10,11,2;88,87,86;39,30,21,12,3,4,5,6,7,8,17,26,35,44,43,52,61,70,79,78,77,76,85,84,83,82;19,20,29,38,37,46,55
9:11,0,2,6;30,31,32,41,50,49,58,57,56,65,74;93,92,83,82,73,64,55,46,47,48;40,39,38,37,28,19,10,11,12,13,14,15,16,25,34,43,52,61,70,69,78,77,76,85,94,95,96,97,98,89,80;29,20,21,22,23,24,33,42,51,60,59,68,67,66,75,84;86,87,88,79;71,62,53,44,35,26,17,8,7,6,5,4,3,2,1,0,9,18,27,36,45,54,63,72,81,90,91
9:11,0,3,9;96,97,98,89,80,71,62,53,44,35,26,17,8,7,6,5,4,3,2,1,0,9,18,27;15,16,25,34,43,52,61,70,69,78,77,86,85;48,49,50,41,32,31,22,21;30,39,40;79,88,87;76,67,68,59,60,51,42,33,24,23,14,13,12,11,20,29,38,47,46,55,64,73,82;58,57,56,65,74,83;10,19,28,37,36,45,54,63,72,81,90,91,92;95,94,93,84,75,66
9:11,0,6,7;68,67,58,57,48,47,46,37,28,19,10,1,2,3,4,5,6,7,8,17,26,35,44,53,62,71,80,89,98,97,96,95,94,93,92;66,65,64,63;0,9,18,27,36,45,54,55,56;33,24,23,22;91,82,83,84,85,86,87,88,79,70,61,52,51,42,41,32,31,30,21,12;90,81,72,73,74,75,76,77,78,69,60,59,50,49,40,39,38,29,20,11;43,34,25,16,15,14,13
9:11,0,7,8;35,26,17,8,7,6,5,4,3,2,1,0,9,18,19,20,29,38,47,48,57,66,75,76,77,78;21,30,39,40,49,58,67,68,69,70,79,88,87;28,37,46,55,64,73,82,83,84,85,86,95,96,97,98,89,80,71,62,61,60,59,50,41,32,31,22;27,36,45;23,24,33,42,51,52,53,44;56,65,74;10,11,12,13,14,15,16,25,34,43;54,63,72,81,90,91,92,93,94
9:11,0,8,7;25,34,43,52,51,60,69,78,87,96,97,98,89,80,71;14,23,32,31,30,29,20,11,10;50,59,68,77,86,95,94;12,3,2,1,0,9,18,27,36,45,46,47,56,65,64,73;82,83,74,75,66,57,48,39,38,37,28,19;88,79,70,61,62,53,44,35,26,17,8,7,6,5,4,13,22,21;55,54,63,72,81,90,91,92,93,84,85,76,67,58,49,40,41,42,33,24,15,16
9:11,0,11,6;10,19,18,27,36,37,38,39,40,41,32,23,24,15,16;35,44,43,52,61,60,69,78,77,76,75,74,65;28,29,30,31,22,13,14,5,6,7,8,17,26,25,34,33,42,51,50,59,68,67,66,57,56,55,64,73,82,83,84,85,86,87,88,79,70,71,62,53;21,20,11,2,1,0,9;80,89,98,97,96,95,94,93,92,91,90,81,72,63,54,45,46,47,48,49,58;4,3,12
9:11,0,12,7;12,21,30,39,48,57,66,65;8,17,26,35,44,43,52,61,70,79,88,87,86,85,84,83,82;58,49,40,31,22,13,14,15;77,78,69,60,51,42,33,34,25,16;56,47,38,29,20,11,10,9,18,27,36,45,54,63,72,81,90,91,92,93,94,95,96,97,98,89,80,71,62,53;19,28,37,46,55,64,73,74,75,76,67,68,59,50,41,32,23,24;7,6,5,4,3,2,1,0
9:11,0,13,6;73,64,63,54,45,36,27,18,9,0,1,2,3,4,5,6,7,8,17,26,35,44,53,62,71,80,89;16,15,14;47,48,49,58,67,76;98,97,88,79,70,61,52,43,34,25,24,23,22,13,12,11,10,19,28,29,38,39,40,41,50,59,68,77,86,85,84,75,66,57;82,83,74,65,56,55,46,37;72,81,90,91,92,93,94,95,96,87,78,69,60,51,42,33,32,31,30,21,20
9:11,0,16,6;44,35,26,17,8,7,6,5,4,3,2,1,10,19,28,37,38,47,56,65,74,75,76,77,78,69,60;25,16,15,14,13,12,11,20,29,30,39,48,57,58;46,55,64,73,82,83,84,85,86,87,88,79,70,61,52,51,42,41,32,23,22,21;0,9,18,27,36,45,54,63,72,81,90,91,92,93,94,95,96,97,98,89,80,71,62,53;66,67,68,59,50,49,40,31;43,34,33,24
9:11,0,17,7;69,70,79;40,39,48,47,46,55,64,73,82,83,84,85,86,87,88,89,80,71,62,53,44,35,26,17,8,7,6,5,4,3,2,1,0,9,18;27,28,19,10,11,12,13,14,15,16,25,34,43,52,61;78,77,76;56,57,58,49,50,41,32,31,30,29,38,37,36,45,54,63,72,81,90,91,92,93,94,95,96,97,98;66,67,68,59,60,51,42,33,24,23,22,21,20;75,74,65
9:11,0,18,6;10,11,12,13,22,31,40,49,58,57,66,75;77,78,69,60,51,42,33,24,15,6,7;16,25,34,43,52,61,70,79,88,87,86,85,76,67,68,59,50,41,32,23,14,5,4,3,2,1,0,9,18,19,20,29,38,37,46,55,64,63,72,81,90;92,91,82,73,74,65,56,47,48,39,30,21;54,45,36,27,28;8,17,26,35,44,53,62,71,80,89,98,97,96,95,94,93,84,83
9:11,0,21,7;72,81,90,91,92,93,94,95,96,97,98,89,80,71,62;66,57,48,39,30,31,32,33,34,25,26,17,8,7,6,5;14,13,12,11,10,19,28,37,46,55,56,65,74,75,76,67,58,49,40,41,42,43,44,35;53,52,61,70,79,88,87,86,77,68,59;47,38,29,20,21,22,23,24,15,16;4,3,2,1,0,9,18,27,36,45,54,63,64,73,82,83,84,85;50,51,60,69,78
9:11,0,22,6;43,42,33,24,23,22,21,20,29,38,39,40,49;26,17,8,7,6,5,4,3,2,1,0,9,18,27,36,45,46,47,48,57,58,59,60;37,28,19,10,11,12,13,14,15,16,25,34,35,44,53,62,71,80,89,98,97,96,95,94;64,73,72,81,90,91,92,93,84,85,86,87,88;69,68,67,66,65,56,55,54,63;30,31,32,41,50,51,52,61,70,79,78,77,76,75,74,83,82
9:11,0,23,6;53,62,61,70,79,88,87,86,85,84,83,82,73,64,55,46,37,28,19,10,11,12,13,14,15,16,17,8;77,68,59,50,41,42,33;78,69,60,51,52,43,34;20,29,38,47,56,65,74,75,76,67,58,49,40,31,32,23,24,25,26,35,44;71,80,89,98,97,96,95,94,93,92,91,90,81,72,63,54,45,36,27,18,9,0,1,2,3,4,5,6,7;22,21,30,39,48,57,66
9:11,0,26,6;68,67,66,65;77,78,69,60,51,42,33,24,23,22;32,31,30,21,20;49,48,47,46,45,54,63,72,81,90,91,92;64,55,56,57,58,59,50,41,40,39,38,29,28,19,10,11,12,13,14,15,16,25,34,43,52,61,70,79,88,87,86,85,76,75,74;37,36,27,18,9,0,1,2,3,4,5,6,7,8,17,26,35,44,53,62,71,80,89,98,97,96,95,94,93,84,83,82,73
9:11,0,27,5;74,65,56,57,58,49,40,39,38,37,36,45,54,63,72,81,90,91;11,12,13,14,15,16,25,34,43,52,61,70,79,88,87,86,85;84,75,66,67,68,59,50,41,32,31,30,29,28,27,18,9,0,1;76,77,78,69,60,51,42,33,24,23,22,21,20,19,10;2,3,4,5,6,7,8,17,26,35,44,53,62,71,80,89,98,97,96,95,94,93,92,83,82,73,64,55,46,47,48
9:11,0,28,6;20,21,12,13,14,23,32,41,50,59,68,67,66,65,64;15,24,33,42,51,60,69,78,77,76,75,74,73;16,25,34,43,52,61,70,79,88,87,86,85,84,83,82,81,72,63,54;1,0,9,18,27,36,37,38;45,46,47,48,39,30,29,28,19,10,11,2,3,4,5,6,7,8,17,26,35,44,53,62,71,80,89,98,97,96,95,94,93,92,91,90;55,56,57,58,49,40,31,22
9:11,0,21,6;1,0,9,18,27,36,45,54,63,72,81,90,91,92,93,94,95,96,97,98,89,80,71,62,53,44,35,34,33,32,41,50,59,68,67;29,38,47,56,65,74,83,84,85,86,87,88,79,70,61,52,43,42;25,26,17,8,7,6,5,4,3,2,11,10,19,28,37,46,55,64,73,82;30,39,48,57,66,75,76,77,78,69,60,51;16,15,14,13,12,21,20;24,23,22,31,40,49,58
9:11,0,22,7;30,31,22,23,14,15;82,73,64,55,56,47,38,29,20,21,12,13;44,35,26,17,8,7,6,5,4,3,2,11,10,19,28,37,46;75,76,67,58,49,50,51,42,33,24;32,41,40,39,48,57,66,65,74,83,84,85,86,77,68,59,60,61,70,79,88;97,98,89,80,71,62,53,52,43,34,25,16;69,78,87,96,95,94,93,92,91,90,81,72,63,54,45,36,27,18,9,0,1
9:11,0,23,7;20,21,22,23,14,5,6,7,8;95,86,87,88,79,70,61,52,51,50,49,48,57,56,65,74;96,97,98,89,80,71,62,53,44,35,26,17,16,15,24,33,32,31,30,29;25,34,43,42,41,40,39,38,47;13,12,11,10,19,28,37,46,55,64,73,82;93,94,85,76,77,78,69,60,59,58;4,3,2,1,0,9,18,27,36,45,54,63,72,81,90,91,92,83,84,75,66,67,68
9:11,0,24,5;56,65,74,83,84,85,86,87,88,79,70,61,52,43,34,25,16,15;21,30,39,40,49,58,67,68;82,73,64,55,46,37,28,19,10,1,2,3,4;69,78,77,76,75,66,57,48,47,38,29,20,11,12,13,22,31,32,41,50,59;60,51,42,33,24,23,14,5,6,7,8,17,26,35,44,53,62,71,80,89,98,97,96,95,94,93,92,91,90,81,72,63,54,45,36,27,18,9,0
9:11,0,25,6;55,56,57,48,39,30,31,32,33,24,15,16;14,13,12,11,10,19,28;37,36,27,18,9,0,1,2,3,4,5,6,7,8,17,26,25,34,43,42,41,40,49,58;74,75,76,77,78,69,60,61,62,53,44,35;79,88,87,86,85,84,83,82,73,64,65,66,67,68,59,50,51,52;70,71,80,89,98,97,96,95,94,93,92,91,90,81,72,63,54,45,46,47,38,29,20,21,22,23
9:11,0,26,5;63,64,73,82,83,84,85,86,87,88;79,78,77,68,67,66,57,48,47,46,37,28,19,10,11,12,13,14,15,16,25,34,43,52,61,62;76,75,74,65,56,55,54,45,36,27,18,9,0,1,2,3,4,5,6,7,8,17,26,35,44,53;59,50,41,32,31,30;58,49,40,39,38,29,20,21,22,23,24,33,42,51,60,69,70,71,80,89,98,97,96,95,94,93,92,91,90,81,72
9:11,0,27,5;56,47,46,37,28,19,18,9,0,1,2,3,12,21,30,31,40,49,58,67,66;27,36,45,54,55,64,73,82,83,84,85,86,87,88,79,70,61,52,43,34,25,16,15,14;24,33,42,51,60,69,78,77,76,75,74,65;10,11,20,29,38,39,48,57;68,59,50,41,32,23,22,13,4,5,6,7,8,17,26,35,44,53,62,71,80,89,98,97,96,95,94,93,92,91,90,81,72,63
9:11,0,28,7;93,92,91,90,81,72,63,54,55,56,65,74,75;80,79,78,69,60,51,42,33,24,23,22;70,71,62,53,44,35,26,17,8,7,6,5,4,3,2,1,10,19,28,37;61,52,43,34,25,16,15,14,13,12,11,20,29,38,39,40,49,58,67,76,77,86,87,88,89,98;0,9,18,27,36,45,46,47,48,57,66;68,59,50,41,32,31,30,21;97,96,95,94,85,84,83,82,73,64
9:11,0,29,5;67,66,57,48,39,30,21,22,13;26,17,8,7,6,5,4,3,12,11,20,29,38,47,56,65,74,75,76,77,68;88,79,70,61,52,51,50,41;2,1,10,19,28,37,46,55,64,73,82,83,84,85,86,87,78,69,60,59,58,49,40,31,32,23,14,15,16,25,34,35;24,33,42,43,44,53,62,71,80,89,98,97,96,95,94,93,92,91,90,81,72,63,54,45,36,27,18,9,0
9:11,0,30,6;16,25,24,33,32,31,30,39,48,57,56;61,60,69,78,77,76,75,74,65;37,28,19,10,11,12,13;58,49,40,41,42,43,34,35,26,17,8,7,6,5,4,3,2,1,0,9,18,27,36,45,54,63,72,81,90,91,92,93,94,95,96,97,98,89,80;66,67,68,59,50,51,52,53,44;62,71,70,79,88,87,86,85,84,83,82,73,64,55,46,47,38,29,20,21,22,23,14,15
9:11,0,17,5;0,1,2,3,4,5,6,7,8,17,26,35,44,53,62,71,80,79,88,87,86,85,84,83,74,65,56,47;18,9,10,11,12,13,14,15,16,25,34,43,52,61,70,69,68,67,58,49,40,39;59,60,51,42,33,24,23,22,21,20,19,28,27,36,45,54,63,72,81,90,91,92,93,94,95,96,97,98,89;78,77,76,75,66,57,48;50,41,32,31,30,29,38,37,46,55,64,73,82
9:11,0,31,10;27,18,9,0,1,2,3,4,5,6,7;65,74,73,72,81,90,91,92,93,94,95,96,97,98,89,80,71,62,53,44,35,26;8,17,16;56,57,66,67,68,59,50,41;38,39,30,21,12,13,14,15,24,25,34,43,52,61,70,79,88,87,86,85;40,31,22;19,10,11;58,49,48,47,46,55,64,63;20,29,28,37,36,45,54;23,32,33,42,51,60,69,78,77,76,75,84,83,82
9:11,0,32,9;33,32,31;37,46,55,64,65,66,67,68,59,50,51,52,61,70,79,88,87,86,85,84,83,92;23,22,13,12;60,69,78,77,76,75,74,73,82,91,90;3,4,5,6,7,8;0,9,18,27,36,45,54,63,72,81;48,39,30,21,20,11,2;1,10,19,28,29,38,47,56,57,58,49,40,41,42,43,34,25,24,15,14;93,94,95,96,97,98,89,80,71,62,53,44,35,26,17,16
9:11,0,33,11;46,37,38,39,30,31,32,33,24,15,14,13,12,11,10,1;47,48,49,58,59,68,69,78,87,88;52,43,42;63,72,81,90,91;57,66,67,76,77,86,95,96,97,98,89,80,71,62,53,44;35,34,25,16;23,22,21,20,19,18,9,0;29,28,27,36,45,54,55,64,73,82,83,92,93,94,85;79,70,61,60,51,50,41,40;56,65,74,75,84;2,3,4,5,6,7,8,17,26
9:11,0,34,11;84,83,82,73,64,55,46,47,38,39;14,23,24;29,20,21;41,40,49,48,57,66,67,68,69,70,79,88,87;30,31,32,33,42;60,61,52,43,34,25,16,15,6,5,4,3,2,11,10,19,28,37;12,13,22;78,77,86,95,94,93,92,91,90,81,72,63,54,45,36,27,18,9,0,1;56,65,74,75,76,85;7,8,17,26,35,44,53,62,71,80,89,98,97,96;51,50,59,58
9:11,0,35,10;96,87,88,79,70;44,35,26,17,16,15,24,33,42,41,40,39,38,37,46,55,64,73,82,91,92;14,23,32,31,30,29,28;90,81,72,63,54,45,36,27,18,9,0,1,2,3,4,5,6,7,8;19,10,11,12,13;59,58,57,66,75;61,60,51,50,49,48,47,56,65,74,83,84,93,94,95,86,77;78,69,68,67,76,85;22,21,20;97,98,89,80,71,62,53,52,43,34,25
9:11,0,36,10;48,47,46,45,54,63,72,81,82,83,84,75,76,77,78,79,88,89;56,55,64;38,37,36,27,18,9,0,1,2,3,4,5,6,7,8,17,26,35,44,53;29,28,19,10;85,86,87;73,74,65,66,67,68,59,50,41,32,31;20,11,12,13,14,15,16,25,34,43,52,61,62;21,30,39,40,49,58,57;80,71,70,69,60,51,42,33,24,23,22;98,97,96,95,94,93,92,91,90
9:11,0,37,10;75,74,73,64,63;54,55,56,65,66,67,76;88,87,78,69,60,51,42,33,24,23,22,21;72,81,90,91,92,93,94,85,86,77,68,59,50,41,32,31,30,29,20,11,12,13,14,15,16,25,34,43,52,61,70,79,80;27,36,45,46,47,48,57;95,96,97,98,89;82,83,84;18,9,0,1;71,62,53,44,35,26,17,8,7,6,5,4,3,2;10,19,28,37,38,39,40,49,58
9:11,0,38,9;40,49,48,47,46;93,84,75,74;78,79,70,61,52,43,34,25,16,15,14,13,12,11;9,10,19,20,21,22,23,24,33,42,51,60,69;92,83,82,73,64,55,56,57,58,59,50,41,32,31,30,39,38;98,97,96,95,94,85,76;29,28,37;65,66,67,68,77,86,87,88,89,80,71,62,53,44,35,26,17,8,7,6,5,4,3,2,1,0;18,27,36,45,54,63,72,81,90,91
9:11,0,39,9;79,78,77,76,75,74,65,56,47,38,29,20,11,12,13,14,15,24,33,32;70,69,68,67,58,49,40,39,30,21;51,52,53,44,35,26,17,8,7,6;23,22,31;66,57,48;5,4,3,2,1,0;34,25,16;88,87,86,85,84,83,82,73,64,55,46,37,28,19,10,9;18,27,36,45,54,63,72,81,90,91,92,93,94,95,96,97,98,89,80,71,62,61,60,59,50,41,42,43
9:11,0,40,11;39,40,41;30,31,32,33,42,43;34,25,24,23,22,21,20,29,38,47,48,49;56,57,58,59,68,69,70,71;16,15,14,13,12,11,10,19,28,37,46,55,64,65,74,75;50,51,52;66,67,76;26,17,8,7,6,5,4,3,2,1,0,9,18,27,36,45,54,63,72,81,90,91,92,93,94,95,96,87,88;73,82,83,84;60,61,62,53,44,35;85,86,77,78,79,80,89,98,97
9:11,0,41,11;58,49,48,47,56,55;44,43,34;21,12,3,2,1,0,9,18,27,36,45,54,63,72,81,90,91,92,93,94,95,96,97,98,89,80,71,62,61;10,19,28,37,46;78,77,86,85,84,83,82,73,64,65,66,57;68,67,76,75,74;16,25,24,33,32,31,30,29,20,11;87,88,79,70,69,60,59,50,41,40,39,38;35,26,17,8,7,6,5,4,13,22;53,52,51,42;15,14,23
9:11,0,42,8;37,28,29,20,21,12,13,14,15,16,25,34,43,52,61,70,79,78,87,86;45,36,27,18,19,10,11;59,58,67,66,75,74;73,64,65,56,57,48,49,40;90,91,92,93,94,95,96,97,88;98,89,80,71,62,53,44,35,26,17,8,7,6,5,4,3,2,1,0,9;54,55,46,47,38,39,30,31,22,23,24,33,42;63,72,81,82,83,84,85,76,77,68,69,60,51,50,41,32
9:11,0,43,10;91,82,73,64,55,56,47,38,39,40,41,42,43,52,61,60,59,68,77,78,87,88;51,50,49,48;69,70,71,62,53,44,35,26,17,8,7,6,5,4,3,2,1,0,9,18;67,76,85,86;83,74,65;58,57,66,75,84;24,23,22,21,20,29;30,31,32,33,34,25,16,15,14,13,12,11,10,19,28,27,36;79,80,89,98,97,96,95,94,93,92;90,81,72,63,54,45,46,37
9:11,0,44,11;4,5,14,15,16,25,34,43;33,24,23,22,21,20,29,38,47,56,57,66;32,41,40;3,2,1,0,9,18,27,36,45,54,63,72,81,90,91,92,93,94,95,96;31,30,39,48,49,58;65,74,75,76,67;88,79,70,61,52;87,78,69,60;97,98,89,80,71,62,53,44,35,26,17,8,7,6;42,51,50,59;68,77,86,85,84,83,82,73,64,55,46,37,28,19,10,11,12,13
9:11,0,45,10;9,0,1,2,3,4,5,6,7,8;64,55,46,37,28,29,30,31,32,41,50,59,60,61;98,97,96,95,94,93,92,91,90,81;10,11,12,13,14,15,16,17;80,89,88,87,86,85,84,83,74;66,65,56,47,38,39,40,49;69,68,67,58,57,48;51,42,33;44,35,26,25,24,23,22,21,20,19,18,27,36,45,54,63,72,73,82;34,43,52,53,62,71,70,79,78,77,76,75
9:11,0,46,9;90,91,92,93,94,95,96,97,98,89,80;16,25,24,33,42,51,50,59,68,67,66,65,56,47,48;57,58,49,40,31,22,13,14,15;60,61,52,43,34;69,78,77,76,75,74,73,64,55,46,37,38,39;1,0,9,18,27,36,45,54,63,72,81,82,83,84,85,86,87,88,79,70,71;20,21,12;62,53,44,35,26,17,8,7,6,5,4,3,2,11,10,19,28,29,30;41,32,23
9:11,0,47,8;4,3,2,1,0;45,36,27,18,9,10,11,12,13,14,5,6,7,16,25,34,33,32,31,30,29,38,47,56,65,64,73,82,83;97,98,89,80,71,62,53,52,43,42,41,40,39,48,57,66,75,74;59,68,69,70,79,88,87,96,95,94,93;15,24,23,22,21,20,19,28,37,46,55,54,63,72,81,90,91,92;78,77,86;8,17,26,35,44;84,85,76,67,58,49,50,51,60,61
9:11,0,48,11;77,76,67,58,49,40,31,22,21,12,11,10,19,28,37,38,47;83,82,81;72,73,74;20,29,30,39,48,57;15,24,23,32,41,50,59,68;98,97,96,95,94;75,66,65,56,55,46,45,36,27,18,9,0,1,2,3,4,13,14;64,63,54;90,91,92,93,84,85,86,87,88,89,80,71,62,53,44,35,26,17,8,7,6,5;78,79,70,61,52,43;16,25,34,33,42,51,60,69
9:11,0,49,10;42,43,52,61,70,79,88;64,73,74,75,76,77,68,59,50,41,32,33,34,25,16,15,6,5;51,60,69,78,87,86,85,84,83;90,81,72,63,54,55,56,65,66,67;49,40,31,22,13,4,3;11,10,19,28,37,38,39,30;14,23,24;7,8,17,26,35,44,53,62,71,80,89,98,97,96,95,94,93,92,91,82;58,57,48,47,46,45,36,27,18,9,0,1,2;12,21,20,29
9:11,0,50,10;24,23,32;4,5,6,7,8,17,26,35,44,43;88,87,86,85,84,83,92,91,90,81,72,63,54,45,46;29,20,21,22,31,40,41,42,33;79,78,77,76,75,74,73,82;11,10,19,28;80,71,62,61,60,59,58,57,56,47,38,37,36,27,18,9,0,1,2,3,12,13,14,15,16,25,34;93,94,95,96,97,98,89;70,69,68,67,66,65,64,55;30,39,48,49,50,51,52,53
9:11,0,51,10;12,21,20,29,38,39;65,74,83,92,93,94;95,86,87,88,79,70,61,52,43,34,25;85,84,75,66,67,68,59,50,49,48,47;16,15,14,23,32,41,40;11,10,19,28,37,46,55,64,73,82,91;96,97,98,89,80,71,62,53,44,35,26,17,8,7,6,5,4,3,2,1,0,9,18,27,36,45,54,63,72,81,90;56,57,58;30,31,22,13;76,77,78,69,60,51,42,33,24
9:11,0,52,10;16,25,34,43,52,61,70,79,88,87,86;77,78,69,60,51,42,33,24,15,14,13,22;29,38,39,40,41;73,74,75;23,32,31,30,21,20,19,28,37,46;82,83,84;93,92,91,90,81,72,63;12,11,10,9,18,27,36,45,54,55,64,65,66,57;0,1,2,3,4,5,6,7,8,17,26,35,44,53,62,71,80,89,98,97,96,95,94,85,76,67,58;68,59,50,49,48,47,56
9:11,0,53,9;63,64,65,66;54,55,56,57;29,28,19;42,33,24,23,22,21,20;82,83,84,85,86,87,88,79,70,61,62,53,44,35,26,17,8,7,6,5,4,3,2,1,0,9;18,27,36,37,38,39,30,31,32,41,50,59;71,80,89,98,97,96,95,94,93,92,91,90,81,72,73,74,75,76,77,78;40,49,58,67,68,69,60,51,52,43,34,25,16,15,14,13,12,11,10;48,47,46,45
9:11,0,54,9;82,73,72,63,54,45,36,27,18,9,0,1,2,3,4,5,6,7,8,17,26,35;16,15,14,13,12,11,10,19,28,37,46,55,64,65;31,30,39,48,49,58;87,96,97,98,89,80,71,62,53,44,43,34,25,24;88,79,70,61,60,59,68,67,66,75,74,83,92,91,90,81;52,51,42,33,32,23,22,21,20,29,38,47,56,57;69,78,77,76,85,84,93;86,95,94;40,41,50
9:11,0,55,11;50,51,42,33;90,91,92,83,74,65,56,47,46,37,28,19,10,11;75,84,93,94,95,96,97,98,89,80,71,62,61,52,43,34,25,24,23,32,41;79,88,87,86,85,76;30,31,22,13,14,15,16,17,26,35,44,53;55,64,73;78,77,68,67,66,57,48,39,38,29,20;40,49,58,59,60,69,70;9,18,27,36,45,54,63,72,81,82;4,5,6,7,8;21,12,3,2,1,0
9:11,0,56,10;42,51,60,59,68,67,66,65,74;30,21,12,11;24,33,32,41,50,49,58,57,56,55,64,63,72,81,90,91,92,93,94,85;10,19,20,29,38;28,37,46,47,48,39,40,31,22,13,4,3,2;5,6,7,8,17;1,0,9,18,27,36,45,54;87,88,79;23,14,15,16,25,26,35,44,53,62,71,80,89,98,97,96,95,86;73,82,83,84,75,76,77,78,69,70,61,52,43,34
9:11,0,57,8;95,96,97,98,89;38,29,20,11,2,1,0,9,18,27,36,45,54,63,72,81,90,91,92,93,94,85,76,67,68,59,60,51,42,33;83,84,75,66,57,58,49,50,41;87,88,79,80,71,62,53,44,35,26,17,8,7,6,5,4,3,12,21,30,39,48,47,56,65,74,73,82;64,55,46,37,28,19,10;40,31,32,23,24;86,77,78,69,70;61,52,43,34,25,16,15,14,13,22
9:11,0,58,10;11,10,19,28,37,38;66,75,76,77,78,87,96,97,98,89,80,71;95,94,93,92,91,90,81,72,63,54,45,36,27,18,9,0,1,2,3,4,5,6,7,8,17;16,15,14,13,12,21,20;29,30,31,22,23,24;57,56,65,74,83,84,85,86;62,53,52,51,50,49,58,67,68,69,70,79,88;82,73,64,55,46,47,48,39,40,41,32,33,34;25,26,35,44,43,42;61,60,59
9:11,0,59,9;95,94,93,92,83,82,73,64,55,46;16,15,24,33,42;10,11,12,13,14,23,32,41,50,51;35,26,17,8,7,6,5,4,3,2,1,0,9,18,27,28,29,30,39,48,57,66,67,76,77,78,79;91,90,81,72,63,54,45,36,37,38,47,56,65,74,75,84,85,86,87,88;19,20,21,22,31,40,49;96,97,98,89,80,71,62,53,44,43,34,25;58,59,60;52,61,70,69,68
9:11,0,60,9;28,19,10,11,12,13,14,15,16,17,26;81,90,91,92,93,94,95,96,97,98,89,80;61,52,43,42,33,32,31,30,39;85,84,83,82,73,72,63,54,45,36,27,18,9,0,1,2,3,4,5,6,7,8;56,57,66;64,65,74,75,76,67,58,49,48,47;53,62,71,70,79,88,87,86,77,68,59,50,41,40;78,69,60,51;44,35,34,25,24,23,22,21,20,29,38,37,46,55